cmd: ./gpt2
events: Ir
fl=./csu/../csu/libc-start.c
fn=__libc_start_main@@GLIBC_2.34
128 2
134 3
135 7
138 1
139 2
142 3
143 2
144 11
145 4
242 13
311 3
312 3
337 6
340 2
343 2
350 2
352 2
360 4
fl=./csu/../sysdeps/nptl/libc_start_call_main.h
fn=(below main)
29 9
44 3
46 2
51 2
52 2
55 2
58 6
fl=./csu/./csu/init-first.c
fn=_init_first
46 6
51 2
55 5
61 1
62 1
63 2
71 2
72 3
fl=./ctype/./ctype/ctype-info.c
fn=__ctype_init
29 1
31 7
33 4
35 4
36 1
fl=./debug/../sysdeps/x86_64/multiarch/ifunc-memmove.h
fn=__memcpy_chk
56 2
57 3
60 3
61 2
74 2
77 2
85 2
93 2
96 5
fn=__memmove_chk
56 2
57 3
60 3
61 2
74 2
77 2
85 2
93 2
96 5
fn=__mempcpy_chk
56 2
57 3
60 3
61 2
74 2
77 2
85 2
93 2
96 5
fl=./debug/../sysdeps/x86_64/multiarch/ifunc-memset.h
fn=__memset_chk
54 5
57 3
58 2
64 2
73 2
75 2
85 2
93 2
96 5
fl=./debug/../sysdeps/x86_64/multiarch/memcpy_chk.c
fn=__memcpy_chk
29 1
fl=./debug/../sysdeps/x86_64/multiarch/memmove_chk.c
fn=__memmove_chk
29 1
fl=./debug/../sysdeps/x86_64/multiarch/mempcpy_chk.c
fn=__mempcpy_chk
29 1
fl=./debug/../sysdeps/x86_64/multiarch/memset_chk.c
fn=__memset_chk
29 1
fl=./elf/../bits/stdlib-bsearch.h
fn=intel_check_word.constprop.0
27 96
28 48
29 744
31 648
32 348
35 264
37 120
fl=./elf/../elf/dl-tls.c
fn=_dl_add_to_slotinfo
1017 9
1023 1
1026 1
1027 1
1031 3
1065 2
1068 2
1069 3
1072 6
fn=_dl_allocate_tls_init
523 11
524 2
528 2
531 1
534 2
537 3
549 1
554 17
560 5
563 3
564 2
570 3
571 2
573 10
576 2
577 2
580 2
581 4
583 2
584 2
593 1
601 2
603 10
609 1
615 2
618 2
621 9
fn=_dl_allocate_tls_storage
365 1
369 1
370 1
371 2
374 1
380 2
417 7
419 1
430 1
431 1
432 2
440 6
441 1
445 305
464 1
470 7
fn=_dl_assign_tls_modid
125 4
128 2
141 1
181 1
183 1
186 1
187 2
fn=_dl_count_modids
192 1
194 2
195 1
210 2
fn=_dl_determine_tlsoffset
216 9
217 1
218 1
219 1
222 4
225 2
259 1
261 11
263 5
265 3
266 2
268 2
270 5
281 1
286 8
288 2
289 1
294 1
301 1
302 7
304 2
354 1
355 8
fn=_dl_tls_static_surplus_init
83 3
97 8
100 6
101 5
102 3
104 4
107 1
109 1
111 3
112 6
fl=./elf/../include/list.h
fn=__tls_init_tp
43 2
44 2
45 1
47 1
fl=./elf/../include/rtld-malloc.h
fn=__minimal_calloc
56 10
fn=_dl_allocate_tls_storage
44 2
56 1
fn=_dl_check_map_versions
44 12
fn=_dl_find_object_init
56 2
fn=_dl_important_hwcaps
56 4
fn=_dl_init_paths
56 5
fn=_dl_map_object_deps
56 8
fn=_dl_new_object
44 12
56 9
fn=fillin_rpath.isra.0
50 2
51 1
56 2
fn=init_tls
44 2
fl=./elf/../include/scratch_buffer.h
fn=_dl_map_object_deps
77 2
78 1
85 3
131 12
fl=./elf/../misc/sbrk.c
fn=sbrk
37 6
40 1
58 2
62 2
78 5
fl=./elf/../nptl/nptl-stack.h
fn=__libc_early_init
61 8
fl=./elf/../sysdeps/generic/_itoa.h
fn=_dl_check_map_versions
76 15
fl=./elf/../sysdeps/generic/dl-cache.h
fn=_dl_load_cache_lookup
125 2
194 1
195 5
fl=./elf/../sysdeps/generic/dl-call_tls_init_tp.h
fn=init_tls
31 8
33 1
fl=./elf/../sysdeps/generic/dl-debug.h
fn=dl_main
29 4
30 1
fl=./elf/../sysdeps/generic/dl-hash.h
fn=__rtld_malloc_init_real
43 1
44 1
45 19
48 18
62 24
67 1
72 1
fl=./elf/../sysdeps/generic/dl-new-hash.h
fn=_dl_lookup_symbol_x
69 128
70 256
74 964
77 1928
80 897
81 1794
87 61
88 61
89 122
90 61
99 836
101 836
102 1672
104 836
105 836
fl=./elf/../sysdeps/generic/dl-protected.h
fn=do_lookup_x
29 472
fl=./elf/../sysdeps/generic/ldsodefs.h
fn=_dl_relocate_object
79 46
140 393
fn=_dl_start
79 6
fn=do_lookup_x
139 236
140 354
fl=./elf/../sysdeps/nptl/dl-mutex.c
fn=__rtld_mutex_init
30 7
37 1
40 7
44 2
45 9
47 6
51 2
52 7
53 6
fl=./elf/../sysdeps/nptl/dl-tls_init_tp.c
fn=__tls_init_tp
68 5
69 1
72 1
75 4
76 2
77 1
82 2
87 4
90 1
93 3
105 4
121 3
128 2
129 3
fn=__tls_pre_init_tp
53 3
56 10
61 2
62 1
64 1
fn=rtld_mutex_dummy
42 10
44 20
fl=./elf/../sysdeps/nptl/pthread_early_init.h
fn=__libc_early_init
33 6
34 1
38 5
45 2
46 1
48 2
52 5
53 1
54 1
56 1
fl=./elf/../sysdeps/posix/dl-fileid.h
fn=_dl_map_object_from_fd
37 12
40 12
49 24
fl=./elf/../sysdeps/unix/sysv/linux/brk.c
fn=brk
36 1
37 1
38 2
44 1
45 1
fl=./elf/../sysdeps/unix/sysv/linux/brk_call.h
fn=brk
24 2
fl=./elf/../sysdeps/unix/sysv/linux/dl-osinfo.h
fn=dl_main
39 2
52 1
fl=./elf/../sysdeps/unix/sysv/linux/dl-parse_auxv.h
fn=_dl_sysdep_parse_arguments
32 2
33 1
34 1
41 93
42 44
43 44
45 1
46 2
47 2
48 2
49 1
51 2
52 2
53 2
54 2
56 2
fl=./elf/../sysdeps/unix/sysv/linux/dl-sysdep.c
fn=_dl_sysdep_parse_arguments
78 7
79 2
80 2
81 3
82 37
83 77
86 2
90 56
93 5
94 2
95 3
96 6
fn=_dl_sysdep_start
102 6
103 1
106 2
110 2
113 1
115 2
122 3
123 2
125 5
137 3
140 5
143 4
fn=_dl_sysdep_start_cleanup
147 1
148 1
fl=./elf/../sysdeps/unix/sysv/linux/dl-vdso-setup.h
fn=dl_main
30 1
33 1
36 1
39 1
45 1
fl=./elf/../sysdeps/unix/sysv/linux/dl-vdso.h
fn=dl_main
40 2
41 5
55 2
fl=./elf/../sysdeps/unix/sysv/linux/rseq-internal.h
fn=__tls_init_tp
32 3
34 7
37 2
40 1
fl=./elf/../sysdeps/unix/sysv/linux/x86/dl-hwcap2.h
fn=update_active.constprop.0
25 2
fl=./elf/../sysdeps/unix/sysv/linux/x86/dl-minsigstacksize.h
fn=get_common_indices.constprop.0
24 2
27 2
28 2
65 3
72 1
74 1
fl=./elf/../sysdeps/x86/cpu-features.c
fn=get_common_indices.constprop.0
398 3
402 4
405 5
409 1
410 4
411 4
412 4
413 3
414 2
421 2
423 9
428 8
435 2
436 7
442 2
457 3
fn=init_cpu_features.constprop.0
376 3
377 2
378 6
383 2
384 6
389 2
390 7
682 8
685 1
686 1
687 1
690 1
699 3
702 6
703 1
706 2
708 6
713 1
715 3
717 9
721 7
774 3
781 2
799 1
832 2
866 4
869 2
870 1
878 2
885 2
887 2
891 2
897 2
899 1
1001 3
1002 2
1005 2
1006 2
1012 1
1013 1
1014 1
1015 2
1019 4
1022 4
1028 3
1041 2
1042 4
1081 1
1082 2
1086 3
1103 2
1104 2
1106 3
1107 2
1109 3
1110 2
1113 2
1127 4
1129 4
1135 4
1142 8
fn=update_active.constprop.0
72 8
76 1
84 3
85 3
86 1
94 4
95 1
103 4
104 1
109 4
112 4
113 1
116 5
117 2
121 5
122 3
123 3
124 2
128 5
129 5
130 3
132 2
133 4
147 2
151 7
152 4
154 3
158 4
161 1
164 2
166 2
170 1
171 1
178 4
180 5
186 4
188 5
190 4
195 5
244 3
245 3
261 4
277 2
281 2
282 1
285 4
289 2
293 3
294 2
296 1
297 1
300 2
302 1
305 2
356 5
360 3
369 1
370 8
fl=./elf/../sysdeps/x86/dl-cacheinfo.h
fn=get_common_cache_info.constprop.0
571 11
586 1
587 1
588 2
589 1
590 2
596 3
598 7
601 2
613 1
618 3
622 2
627 5
630 24
637 8
640 26
645 2
649 3
650 2
654 2
658 3
661 4
662 1
667 4
673 4
681 6
683 2
685 4
687 12
689 1
690 1
691 9
693 4
696 7
701 1
703 4
704 3
705 1
708 2
711 2
718 1
720 4
721 1
726 2
731 2
732 1
733 2
734 1
759 3
770 5
771 5
775 2
782 1
783 2
784 1
785 7
fn=handle_intel.constprop.0
250 108
255 24
261 12
262 12
267 48
271 24
276 24
279 60
281 24
284 60
286 24
305 96
fn=init_cpu_features.constprop.0
792 1
793 1
795 1
809 2
811 3
812 3
813 3
814 2
817 3
819 3
820 2
822 3
824 3
825 1
827 3
829 3
830 2
832 3
834 3
836 3
838 5
894 2
895 2
896 2
897 2
898 2
899 2
900 1
901 1
902 1
903 1
904 1
905 1
907 1
910 3
924 3
925 7
930 2
931 6
932 2
939 3
959 6
968 2
969 2
974 12
987 5
995 7
997 2
1000 5
1002 2
1005 5
1006 5
1010 6
1011 3
1017 7
1020 11
1021 10
1022 13
1025 10
1027 10
1040 4
1042 2
1043 2
1044 1
1045 1
1046 1
1047 1
fn=intel_check_word.constprop.0
110 648
113 324
119 216
123 48
125 12
129 120
131 144
133 60
135 120
143 120
152 12
155 138
158 99
162 58
164 189
167 120
168 72
169 60
170 48
172 11
174 22
176 12
177 16
178 12
179 20
180 14
181 12
183 8
184 12
187 21
190 2
194 192
202 168
216 48
246 144
fl=./elf/../sysdeps/x86/dl-get-cpu-features.c
fn=__x86_cpu_features
39 3
71 3
fn=_dl_x86_init_cpu_features
37 1
39 3
41 1
fl=./elf/../sysdeps/x86/dl-isa-level.h
fn=_dl_load_cache_lookup
28 12
fl=./elf/../sysdeps/x86/dl-procinfo.h
fn=_dl_load_cache_lookup
39 4
42 14
fl=./elf/../sysdeps/x86/dl-prop.h
fn=_dl_map_object_from_fd
149 12
fn=_dl_process_pt_gnu_property
95 28
102 14
115 14
118 7
252 6
253 3
254 8
255 4
257 28
258 1
260 7
fn=dl_main
36 2
37 18
40 8
49 28
53 23
71 2
149 4
235 4
236 2
fl=./elf/../sysdeps/x86/get-isa-level.h
fn=_dl_hwcaps_subdirs_active
30 4
31 1
32 3
36 3
39 4
40 4
45 4
48 2
51 5
53 4
54 2
55 2
58 4
fn=update_active.constprop.0
28 1
30 4
31 1
32 3
36 3
38 1
39 2
40 4
45 4
47 1
48 2
51 5
53 4
54 2
55 2
57 1
58 4
fl=./elf/../sysdeps/x86_64/dl-cet.c
fn=_dl_cet_check
145 2
157 2
173 1
179 1
275 2
276 1
277 2
282 4
283 3
285 2
293 5
296 1
300 2
301 1
302 2
303 2
304 2
305 2
308 1
310 1
313 2
361 8
363 6
fn=_dl_cet_setup_features
331 1
334 2
350 1
fl=./elf/../sysdeps/x86_64/dl-hwcaps-subdirs.c
fn=_dl_hwcaps_subdirs_active
29 1
38 3
43 1
48 1
52 1
fl=./elf/../sysdeps/x86_64/dl-machine.h
fn=_dl_relocate_object
81 18
267 292
274 292
278 292
287 1579
290 325
291 136
292 544
295 2
296 3
307 2
314 5
317 876
320 38
323 38
393 25
400 51
402 68
406 51
415 34
423 260
436 7
476 136
478 68
479 68
498 18
499 6
503 12
504 12
730 10
734 8
fn=_dl_start
55 1
278 9
287 27
290 6
291 12
317 8
323 2
fn=_dl_sysdep_start
220 1
fl=./elf/./dl-find_object.h
fn=_dl_find_object_from_map
95 10
96 10
97 5
103 25
104 145
105 100
107 15
112 5
fl=./elf/./dl-hwcaps.h
fn=_dl_important_hwcaps
43 9
45 7
46 1
77 8
78 8
79 7
fl=./elf/./dl-load.h
fn=_dl_map_object_from_fd
91 24
92 8
93 10
94 8
96 8
fl=./elf/./dl-main.h
fn=dl_main
109 5
fl=./elf/./dl-map-segments.h
fn=_dl_map_object_from_fd
28 9
29 27
81 3
101 3
102 9
105 9
106 6
108 6
125 3
135 72
137 36
139 90
149 48
155 6
156 3
157 9
158 6
160 6
165 6
168 9
176 21
182 6
186 8
189 2
194 12
fl=./elf/./dl-sym-post.h
fn=lookup_malloc_symbol
41 8
53 12
fl=./elf/./dl-tunable-types.h
fn=__GI___tunable_set_val
84 5
fl=./elf/./elf/dl-audit.c
fn=_dl_audit_activity_map
29 7
30 1
31 3
37 6
fn=_dl_audit_activity_nsid
41 1
45 4
46 1
47 5
fn=_dl_audit_objopen
77 3
78 12
fn=_dl_audit_preinit
118 1
119 4
fl=./elf/./elf/dl-cache.c
fn=_dl_cache_libcmp
357 38
358 243
360 324
362 116
368 16
369 12
370 105
372 105
374 8
380 208
382 208
383 45
386 89
387 89
390 31
fn=_dl_load_cache_lookup
191 30
205 2
208 16
210 20
211 4
213 10
220 36
222 95
223 30
227 45
231 45
232 30
240 8
242 4
245 4
247 12
249 2
259 8
263 8
264 12
269 12
270 8
286 14
295 4
298 4
301 2
302 6
330 4
342 8
346 13
347 8
349 5
403 20
405 4
408 6
411 5
419 5
420 8
423 6
424 1
431 1
432 2
477 3
482 6
485 6
500 4
512 6
513 30
514 8
515 2
516 16
fn=_dl_unload_cache
525 3
526 4
528 2
529 1
533 1
535 2
fl=./elf/./elf/dl-call-libc-early-init.c
fn=_dl_call_libc_early_init
27 7
29 2
33 5
37 2
39 4
40 2
41 3
fl=./elf/./elf/dl-catch.c
fn=_dl_catch_error
254 12
256 2
257 2
258 2
259 2
261 6
fn=_dl_catch_exception
58 18
59 12
69 12
70 30
204 48
207 12
214 6
228 6
229 12
235 36
237 18
239 24
248 18
fn=_dl_receive_error
58 2
59 1
69 2
70 2
186 7
188 1
192 1
194 1
197 1
198 4
fl=./elf/./elf/dl-debug.c
fn=_dl_debug_initialize
56 3
57 1
59 2
61 2
63 3
64 1
85 3
90 3
91 2
92 1
95 3
96 6
99 2
107 2
fn=_dl_debug_state
116 2
117 2
fn=_dl_debug_update
38 4
40 8
41 4
44 8
48 4
fl=./elf/./elf/dl-deps.c
fn=_dl_map_object_deps
128 3
129 5
130 6
132 3
136 8
143 13
144 20
160 9
161 1
164 1
182 1
183 6
184 1
188 11
190 17
193 5
197 15
198 32
201 12
205 6
208 18
210 12
215 3
216 3
217 6
218 6
219 3
221 389
222 184
228 50
230 5
232 20
233 10
242 5
244 10
249 21
252 3
253 3
254 3
255 6
256 3
257 3
259 12
263 15
264 9
266 261
417 10
419 15
422 6
423 12
429 3
430 15
431 15
434 3
435 6
439 15
441 5
442 22
448 5
449 1
452 4
463 5
465 4
470 5
471 1
472 2
474 19
478 5
483 10
485 15
490 5
494 2
495 3
532 2
533 2
547 9
552 9
553 5
557 1
559 2
560 1
561 3
568 3
571 2
574 8
fn=openaux
61 30
64 55
65 5
68 5
69 15
fl=./elf/./elf/dl-environ.c
fn=_dl_next_ld_env_entry
28 3
29 3
32 115
34 74
35 20
37 2
40 4
42 2
45 35
fl=./elf/./elf/dl-find_object.c
fn=_dl_find_object_init
561 5
564 1
566 2
567 3
579 2
580 3
582 2
585 2
590 1
591 1
594 3
596 2
599 6
601 1
604 4
fn=_dlfo_process_initial
474 8
475 2
477 2
478 4
504 24
505 26
506 10
508 36
511 32
513 24
515 8
516 8
517 16
529 2
531 8
fn=_dlfo_sort_mappings
536 1
537 2
540 16
544 6
545 33
546 30
548 3
549 3
553 12
554 15
555 6
557 1
fl=./elf/./elf/dl-hwcaps.c
fn=_dl_important_hwcaps
52 16
54 2
55 4
56 2
57 2
77 16
80 16
84 2
86 6
87 2
88 2
100 5
102 3
105 1
108 1
112 5
125 12
127 10
128 4
129 4
130 2
133 3
142 13
143 11
145 8
151 5
155 4
156 3
157 3
161 1
162 2
163 2
172 14
174 2
175 3
185 2
186 3
189 3
193 2
194 2
201 1
202 5
208 2
209 1
213 3
216 9
fl=./elf/./elf/dl-hwcaps_split.c
fn=_dl_hwcaps_split
25 5
26 3
27 1
47 4
fn=_dl_hwcaps_split_masked
26 44
30 24
34 78
35 12
36 24
41 36
42 18
43 12
45 6
51 110
55 5
56 18
57 27
58 24
60 6
62 88
67 12
fl=./elf/./elf/dl-init.c
fn=_dl_init
29 12
35 30
37 31
81 13
82 1
83 1
86 3
89 2
94 4
119 1
120 24
121 10
127 8
fn=call_init.part.0
26 60
43 15
46 15
47 2
51 8
59 12
60 12
63 4
64 8
70 9
72 6
73 31
74 16
76 40
fl=./elf/./elf/dl-load.c
fn=_dl_dst_count
238 45
241 10
244 10
245 5
264 45
fn=_dl_init_paths
706 13
720 4
725 1
727 3
734 3
735 2
739 4
741 4
747 1
748 1
756 8
758 8
759 4
761 5
762 7
763 4
766 13
767 10
768 18
770 32
776 1
777 1
782 1
785 3
787 4
789 3
806 1
808 3
822 2
825 5
827 23
831 2
832 60
833 14
834 28
836 1
837 1
838 2
844 6
847 3
853 1
857 8
fn=_dl_map_object
682 20
696 10
1967 72
1969 3
1975 12
1976 24
1979 111
1984 126
1986 90
1990 30
1991 45
1994 30
1995 18
1996 30
2010 12
2011 9
2019 9
2034 3
2036 15
2040 8
2042 4
2049 8
2053 2
2054 2
2058 6
2059 2
2073 10
2074 14
2075 2
2084 4
2099 4
2100 32
2106 6
2107 2
2115 2
2129 4
2131 6
2135 6
2137 4
2141 4
2149 4
2172 18
2176 6
2177 2
2194 4
2200 1
2201 4
2202 2
2203 2
2207 9
2210 3
2222 12
2267 6
2268 52
2270 57
fn=_dl_map_object_from_fd
944 42
959 12
989 48
990 18
1008 6
1036 12
1046 6
1053 24
1054 6
1065 6
1066 9
1067 6
1069 9
1070 12
1071 4
1074 17
1075 6
1086 3
1088 3
1090 66
1091 3
1092 3
1093 3
1094 3
1100 126
1101 309
1107 6
1114 7
1115 9
1116 30
1121 2
1122 1
1127 93
1135 60
1136 78
1137 60
1138 12
1139 24
1141 84
1143 24
1156 24
1157 45
1162 12
1163 123
1176 3
1180 4
1181 1
1185 5
1186 2
1189 1
1194 4
1209 6
1210 3
1213 9
1218 21
1228 57
1229 24
1235 6
1245 12
1252 21
1264 3
1268 12
1269 9
1275 6
1276 6
1278 6
1288 9
1307 9
1309 18
1361 9
1362 2
1368 102
1369 168
1375 48
1380 12
1393 6
1395 12
1397 6
1413 6
1417 6
1418 6
1435 6
1436 1
1439 6
1444 6
1449 6
1461 24
1462 9
1463 18
1464 6
1465 5
1471 6
1472 4
1477 2
1484 9
1487 6
1491 9
1492 9
1510 6
1514 21
1515 12
1519 27
fn=_dl_process_pt_gnu_property
868 12
869 8
870 4
876 8
882 20
885 12
886 8
887 8
890 12
891 12
895 4
896 8
900 14
901 7
904 14
907 7
908 28
918 12
920 16
fn=expand_dynamic_string_token
241 6
244 4
385 20
399 4
410 14
fn=fillin_rpath.isra.0
468 17
472 1
474 12
481 2
483 6
487 2
492 3
493 2
500 5
505 2
509 15
510 8
528 4
532 4
534 2
538 1
539 2
540 4
541 1
543 2
549 4
550 14
551 4
553 2
554 3
555 1
561 2
562 1
565 3
571 1
574 8
fn=open_path
1812 22
1813 4
1816 2
1817 2
1819 4
1822 4
1824 44
1827 4
1831 2
1835 12
1842 12
1843 44
1846 12
1851 44
1854 8
1860 12
1863 32
1865 12
1867 6
1872 6
1873 21
1879 9
1881 22
1882 2
1884 3
1891 22
1893 7
1937 16
1941 2
1943 8
1946 6
1960 18
fn=open_verify.constprop.0
1572 84
1604 21
1609 8
1623 35
1625 14
1633 3
1634 9
1639 18
1641 6
1643 6
1645 6
1651 6
1668 45
1749 6
1754 6
1760 12
1766 6
1772 12
1773 12
1777 16
1778 5
1799 63
fl=./elf/./elf/dl-lookup-direct.c
fn=_dl_lookup_direct
32 15
33 9
35 6
36 6
48 9
51 6
53 21
57 9
58 21
59 15
74 39
76 6
78 21
79 6
81 12
84 25
86 12
93 6
115 3
116 27
fl=./elf/./elf/dl-lookup.c
fn=_dl_lookup_symbol_x
772 1664
774 256
775 512
778 128
782 488
785 256
787 256
791 1842
792 2176
797 640
799 60
816 128
817 30
820 256
821 810
828 158
856 472
870 354
871 2
873 236
890 472
892 1152
fn=check_match
70 1845
73 984
78 10
86 600
89 564
93 120
94 240
96 236
115 236
116 944
117 580
118 4
119 4
144 4
146 12
147 8
161 118
162 984
fn=do_lookup_x
347 1792
348 128
353 128
354 128
358 1074
361 1074
365 1330
386 1074
390 1074
396 1611
400 537
401 537
404 2685
405 1611
408 537
409 1074
411 537
412 384
413 1074
415 896
416 2148
419 3759
422 256
423 384
424 256
426 248
429 1340
431 369
432 3086
433 246
436 369
439 460
461 944
470 48
476 236
483 892
487 39
499 236
500 118
501 118
518 1257
521 10
522 1024
fl=./elf/./elf/dl-minimal-malloc.c
fn=__minimal_calloc
80 50
84 10
87 10
88 30
fn=__minimal_free
97 1
99 4
fn=__minimal_malloc
36 232
37 87
42 3
43 2
44 2
48 115
51 195
56 8
57 8
59 2
60 16
62 4
64 8
65 6
67 6
70 29
71 31
73 174
fl=./elf/./elf/dl-minimal.c
fn=__rtld_malloc_init_real
76 10
86 2
87 1
89 1
91 6
92 5
93 5
94 4
99 1
100 1
101 1
102 1
103 8
fn=__rtld_malloc_init_stubs
42 1
43 2
44 2
45 2
46 2
47 1
fn=lookup_malloc_symbol
61 36
63 4
64 28
68 28
69 28
71 4
72 24
fn=strsep
239 2
242 4
244 2
245 4
247 2
249 47
251 28
254 56
256 84
264 14
267 1
271 4
fl=./elf/./elf/dl-misc.c
fn=_dl_name_match_p
68 273
69 156
70 8
72 39
74 156
75 235
80 39
82 31
83 156
fn=_dl_sysdep_read_whole_file
36 11
39 3
40 2
42 6
44 2
47 2
49 8
60 3
63 8
fl=./elf/./elf/dl-object.c
fn=_dl_add_to_namespace_list
31 36
33 12
35 35
38 36
40 3
42 3
45 2
46 12
47 8
48 8
50 8
51 20
fn=_dl_new_object
59 60
62 8
64 2
66 3
67 2
71 6
77 2
80 6
83 16
87 6
92 3
95 8
98 4
99 4
100 8
103 8
104 28
106 4
119 18
123 3
125 1
127 28
130 8
131 8
132 4
136 4
139 36
141 20
149 8
150 4
153 1
155 24
157 12
160 10
164 12
168 21
176 1
179 8
189 16
191 12
195 9
199 6
200 6
208 3
212 3
245 12
250 106
251 106
255 6
256 3
259 3
263 36
fl=./elf/./elf/dl-reloc.c
fn=_dl_relocate_object
170 856
171 262
174 1372
175 84
177 7
178 28
182 248
183 124
184 124
186 998
187 590
188 236
190 937
193 124
194 868
196 7
207 66
208 12
220 10
221 15
224 20
226 15
228 5
229 15
251 25
252 10
253 3
255 10
262 15
301 10147
304 25
328 5
331 10
348 15
350 48
356 30
359 10
363 10
364 30
fl=./elf/./elf/dl-setup_hash.c
fn=_dl_setup_hash
25 10
28 15
31 15
32 10
33 5
34 5
36 15
37 5
38 15
40 5
41 10
43 5
45 15
50 5
fl=./elf/./elf/dl-sort-maps.c
fn=_dl_sort_maps
140 25
181 1
182 2
183 20
184 10
211 17
216 2
218 1
219 5
221 16
223 5
226 15
244 4
263 4
276 4
283 1
298 13
306 3
310 9
fn=_dl_sort_maps_init
289 4
290 4
291 1
292 3
293 2
fn=dfs_traversal.part.0
135 45
140 12
143 5
145 15
147 36
156 10
171 15
172 5
173 30
fl=./elf/./elf/dl-tunables.c
fn=__GI___tunable_set_val
72 50
82 5
93 40
94 25
97 10
100 35
104 10
111 10
112 10
115 25
116 5
117 5
118 5
153 30
157 15
fn=__GI___tunables_init
42 190
45 37
48 3192
52 74
56 148
128 1
261 10
267 4
281 6068
283 2
287 10989
304 8
fn=__tunable_get_val
387 76
390 450
399 50
400 15
409 29
416 228
418 38
fl=./elf/./elf/dl-tunables.h
fn=__GI___tunable_set_val
141 10
142 10
151 5
fn=__GI___tunables_init
160 890
161 1845
fl=./elf/./elf/dl-version.c
fn=_dl_check_all_versions
392 7
394 1
396 20
397 5
398 45
401 7
fn=_dl_check_map_versions
36 72
37 16
38 110
56 60
64 45
70 45
86 15
87 30
89 15
94 523
108 448
110 15
113 120
120 627
124 209
155 50
156 5
164 8
170 15
172 25
174 5
175 5
177 10
180 9
184 24
198 2
200 15
208 15
213 15
215 10
217 60
218 120
221 30
224 45
225 5
228 12
231 60
234 45
239 10
243 15
248 2
257 20
260 6
263 269
266 201
270 62
274 12
279 4
280 16
281 12
291 4
294 22
296 8
299 12
301 2
303 15
306 45
308 60
310 75
311 30
312 45
313 45
316 45
321 10
324 15
329 2
334 8
337 6
341 62
343 130
347 62
348 310
349 186
350 62
353 195
357 62
365 6
366 6
367 6
368 4
370 4
372 124
373 60
375 2
376 7
387 45
fl=./elf/./elf/do-rel.h
fn=_dl_relocate_object
49 30
50 30
51 5
53 50
72 4
73 5
80 30
114 30
123 40
124 12
126 30
129 32
131 872
133 1040
134 832
135 624
136 832
138 624
141 272
142 68
143 68
147 140
150 437
151 114
164 16
165 285
166 252
169 204
171 272
172 68
173 136
180 31
182 42
183 12
185 18
193 6
196 18
211 7
fn=_dl_start
49 6
50 4
51 1
53 10
56 4
61 13
63 9
64 6
65 3
fl=./elf/./elf/get-dynamic-info.h
fn=_dl_map_object_from_fd
39 6
43 3
45 337
49 164
51 46
52 23
53 6
54 71
55 59
56 15
59 12
62 12
64 12
68 82
72 12
84 11
85 12
86 12
87 12
88 11
89 11
90 11
91 12
103 24
110 10
115 4
122 4
123 9
129 9
130 6
147 9
152 4
154 4
156 4
158 4
159 4
162 9
164 9
165 6
174 6
175 9
180 6
181 6
184 6
fl=./elf/./elf/libc_early_init.c
fn=__libc_early_init
33 9
35 1
38 2
41 2
47 4
49 2
fl=./elf/./elf/rtld.c
fn=_dl_start
85 8
458 2
476 3
477 1
478 2
488 1
494 4
496 2
517 16
543 1
546 2
547 4
563 190
565 1
578 1
585 9
fn=dl_main
85 17
92 12
93 2
101 9
197 2
199 1
224 3
225 5
226 4
296 3
302 1
303 1
837 1
839 1
848 1
850 1
855 1
1115 1
1116 1
1118 1
1122 3
1124 1
1125 1
1140 1
1143 46
1144 117
1148 3
1153 3
1154 9
1163 2
1164 2
1166 1
1173 3
1191 2
1199 8
1200 17
1201 8
1202 1
1204 12
1205 14
1209 8
1210 8
1211 4
1215 12
1243 2
1247 3
1253 28
1254 61
1260 17
1266 4
1269 3
1271 3
1346 13
1351 1
1352 1
1357 1
1373 3
1374 4
1637 10
1639 2
1640 3
1641 2
1642 3
1646 2
1647 2
1672 3
1673 5
1674 3
1675 3
1678 1
1680 1
1681 1
1683 2
1684 2
1688 2
1690 2
1698 4
1705 2
1708 2
1733 4
1735 1
1740 2
1743 4
1744 4
1745 3
1746 1
1747 1
1748 1
1759 2
1760 2
1762 2
1764 1
1765 3
1770 5
1771 5
1773 3
1779 2
1788 2
1792 1
1793 2
1817 2
1823 1
1824 1
1825 1
1829 3
1834 3
1836 1
1838 2
1842 5
1847 2
1863 6
1939 4
1943 19
1944 1
1947 3
1948 1
1949 2
1950 2
1955 3
1965 9
1971 23
1972 14
1975 3
1976 2
1977 1
1979 18
1980 8
1984 2
1990 1
1992 3
1993 2
1995 2
1997 3
1999 3
2000 1
2001 2
2013 2
2014 2
2015 3
2026 5
2027 4
2028 5
2038 2
2039 2
2040 4
2042 2
2047 3
2246 3
2250 3
2256 2
2259 2
2267 2
2279 3
2282 3
2284 3
2285 6
2292 2
2293 24
2295 10
2300 10
2302 12
2304 1
2305 1
2308 5
2310 10
2311 32
2315 12
2316 3
2325 2
2329 4
2331 1
2338 4
2341 2
2345 3
2347 2
2357 1
2362 3
2365 1
2371 1
2372 5
2380 3
2387 1
2390 3
2394 3
2395 1
2396 1
2397 1
2401 1
2406 8
2538 1
2598 1
2600 2
2602 15
2604 2
2606 107
2607 19
2615 13
2640 2
2650 4
2652 2
2653 1
2687 5
2689 2
2690 2
2691 1
2727 5
2749 3
fn=handle_preload_list
183 3
806 1
810 2
811 2
812 1
814 1
816 6
817 3
825 3
869 13
870 3
874 5
877 4
878 3
880 4
881 2
887 1
889 2
891 2
892 1
895 9
fn=init_tls
734 4
736 2
740 3
746 2
749 1
750 1
751 1
755 1
757 1
761 2
762 2
763 14
764 5
765 10
769 3
771 1
773 3
776 2
779 1
786 2
787 2
793 2
797 1
800 5
fn=map_doit
641 6
643 4
644 6
646 3
fn=version_check_doit
674 6
676 6
680 3
fl=./elf/./get-dynamic-info.h
fn=_dl_start
45 75
49 36
51 10
52 5
54 20
55 16
56 5
59 4
62 4
64 4
68 18
72 3
84 4
85 3
86 4
87 4
88 5
89 3
90 4
91 4
103 10
110 3
123 3
129 3
130 3
133 2
134 3
139 5
142 5
fn=dl_main
39 4
43 1
45 111
49 54
51 12
52 6
54 25
55 21
56 5
59 4
62 4
64 4
68 27
72 7
84 3
85 5
86 5
87 5
88 4
89 5
90 5
91 5
103 9
110 3
115 2
122 3
123 4
129 3
147 4
152 2
154 2
156 2
158 2
159 2
162 4
164 3
165 2
174 2
175 3
180 2
181 3
184 3
fl=./elf/./setup-vdso.h
fn=dl_main
24 2
fl=./io/../sysdeps/unix/sysv/linux/access.c
fn=access
25 1
27 7
31 1
fl=./io/../sysdeps/unix/sysv/linux/close_nocancel.c
fn=__GI___close_nocancel
25 4
26 16
27 4
fl=./io/../sysdeps/unix/sysv/linux/fstat64.c
fn=fstat
30 5
39 20
72 5
fl=./io/../sysdeps/unix/sysv/linux/fstatat64.c
fn=fstatat
91 6
146 6
160 4
161 11
162 1
fl=./io/../sysdeps/unix/sysv/linux/open64_nocancel.c
fn=__open_nocancel
28 32
31 56
39 68
41 16
fl=./io/../sysdeps/unix/sysv/linux/pread64_nocancel.c
fn=__pread64_nocancel
25 4
26 8
27 2
fl=./io/../sysdeps/unix/sysv/linux/read_nocancel.c
fn=__read_nocancel
25 3
26 12
27 3
fl=./io/../sysdeps/unix/sysv/linux/stat64.c
fn=stat
28 6
29 12
fl=./io/../sysdeps/unix/sysv/linux/write.c
fn=write
25 4
26 24
27 4
fl=./libio/../include/sys/sysmacros.h
fn=_IO_file_doallocate
47 6
fl=./libio/./libio/filedoalloc.c
fn=_IO_file_doallocate
78 11
84 9
86 4
89 2
91 2
94 2
97 4
101 3
102 2
104 4
105 1
106 9
fl=./libio/./libio/fileops.c
fn=_IO_do_write@@GLIBC_2.2.5
424 49
426 31
427 33
434 8
441 16
444 4
449 20
450 20
452 12
453 8
454 4
455 8
456 16
fn=_IO_file_overflow@@GLIBC_2.2.5
732 752
733 376
740 468
743 2
745 2
746 6
755 3
764 3
765 1
766 1
767 1
768 1
769 3
771 3
772 5
773 2
775 188
776 6
777 96
778 182
781 273
782 273
783 364
784 8
785 6
787 91
788 561
fn=_IO_file_stat
1147 1
1148 2
fn=_IO_file_write@@GLIBC_2.2.5
1174 32
1175 8
1176 24
1180 12
1181 12
1182 8
1187 4
1188 4
1190 12
1191 12
1194 24
fn=_IO_file_xsputn@@GLIBC_2.2.5
444 4
1198 27
1200 1
1204 12
1205 3
1211 12
1213 10
1214 4
1217 108
1219 159
1221 2
1228 3
1232 6
1234 4
1236 10
1237 2
1238 6
1240 4
1244 18
1250 6
1251 15
1253 9
1264 6
1265 12
1267 9
1268 27
fl=./libio/./libio/genops.c
fn=_IO_default_xsputn
371 33
373 6
374 12
375 3
379 368
399 896
401 89
404 24
fn=_IO_doallocbuf
343 8
344 2
346 3
347 5
350 6
fn=_IO_setb
329 11
330 4
332 1
333 1
335 6
338 6
fn=__overflow
199 10
201 6
203 6
204 4
fl=./libio/./libio/ioputs.c
fn=puts
33 22
35 4
36 28
38 2
39 7
40 12
41 16
42 8
46 16
fl=./libio/./libio/libioP.h
fn=_IO_default_xsputn
1025 181
1026 178
fn=_IO_do_write@@GLIBC_2.2.5
1025 12
1026 8
fn=_IO_doallocbuf
1025 3
1026 2
fn=_IO_file_doallocate
1025 3
1026 2
fn=_IO_file_xsputn@@GLIBC_2.2.5
1025 9
1026 6
fn=__overflow
1025 6
1026 4
fn=puts
979 4
980 16
1025 6
1026 4
fl=./libio/./libio/vtables.c
fn=check_stdfiles_vtables
545 1
546 4
547 3
548 3
550 1
fl=./malloc/../string/bits/string_fortified.h
fn=tcache_init.part.0
59 88
fl=./malloc/../sysdeps/unix/sysv/linux/not-cancel.h
fn=ptmalloc_init.part.0
97 6
fl=./malloc/./malloc/arena.c
fn=free
153 117666
fn=malloc
153 405768
264 1
fn=ptmalloc_init.part.0
262 8
267 1
292 2
296 3
300 4
301 4
302 4
303 4
304 4
305 4
306 4
308 4
309 4
310 4
313 4
314 4
316 2
326 8
fl=./malloc/./malloc/malloc.c
fn=_int_free
1792 34274
1992 33861
3163 11082
3165 22164
3166 5541
3167 11082
4495 278705
4499 119445
4505 159260
4506 79630
4510 199075
4517 79630
4518 238890
4521 35233
4527 105699
4547 176165
4550 5541
4561 68548
4572 45148
4574 33861
4593 11287
4595 11287
4596 11287
4600 33861
4602 22574
4606 22574
4608 33861
4609 11287
4628 45148
4637 45974
4640 45974
4643 45974
4646 45974
4658 215903
fn=_int_free_maybe_consolidate
4770 252857
4776 45974
4778 388
4779 12
4781 291
4784 485
4785 465
4798 252485
fn=_int_free_merge_chunk
1992 68961
4665 183896
4666 22987
4670 137922
4673 45974
4678 68961
4681 45974
4682 45974
4683 45974
4689 45974
4691 14707
4692 14707
4693 14707
4694 58828
4696 29414
4701 68961
4702 160909
4714 45974
4720 45776
4721 5910
4722 5910
4724 19933
4732 22888
4733 91552
4734 45776
4736 22888
4738 45776
4740 23172
4743 22888
4744 22888
4746 68664
4747 22888
4756 99
4757 297
4758 198
fn=_int_malloc
1326 405770
1345 1217310
1794 202885
1985 37575
2008 252
2017 2
2552 3954
2553 655
2564 1318
2565 12
2568 16
2576 24
2577 8
2589 2620
2590 1310
2599 7852
2605 1962
2608 1965
2669 1965
2677 1310
2678 189
2691 1965
2693 655
2699 3275
2707 1310
2709 2620
2710 1965
2711 62
2712 655
2715 1310
2727 1779
2728 593
2732 4151
2734 1186
2738 1186
2742 1186
2744 1616
2745 1
2746 1903
2752 1089
2753 366
2755 1190
2782 595
2783 1
2795 3
2814 2
2817 2
2818 6
2820 1
2821 6
2833 5
2847 1186
2866 1186
2873 594
2875 594
2876 2970
2877 594
2888 1782
2895 1186
2896 1779
2904 593
2906 593
2911 1186
2913 2965
2921 1965
2922 655
2926 655
2930 3275
2932 655
2933 655
2934 655
2935 4585
2936 1310
2938 655
3159 2216
3163 17862
3165 32399
3166 11946
3167 17862
3168 2216
3178 1907
3182 3814
3186 7628
3190 3814
3191 3814
3199 1907
3846 2231735
3882 1
3887 405770
3914 405770
3916 19240
3917 879
3919 4810
3921 9620
3923 1758
3926 1758
3927 4395
3930 11793
3932 1758
3933 1758
3939 1758
3940 5274
3945 8553
3946 31566
3948 11832
3950 11832
3951 35496
3977 396150
3979 119150
3980 44372
3982 66558
3984 437
3985 874
3987 437
3988 437
3989 437
3991 1311
3997 874
3998 2622
4003 5509
4004 2896
4006 2216
4008 1108
4009 1108
4010 2216
4012 1108
4013 1108
4020 437
4039 999893
4040 539460
4041 480
4058 604705
4059 604707
4060 604707
4069 47618
4070 1080595
4072 31249
4073 62498
4074 31249
4076 62498
4077 93747
4079 31249
4080 124996
4082 124996
4084 62498
4085 62498
4087 62498
4098 124996
4099 39364
4100 39028
4101 19514
4104 12356
4105 12356
4106 12356
4107 37068
4108 37068
4109 24712
4111 3454
4115 98848
4117 37068
4118 12356
4121 14991
4122 37068
4123 12356
4127 18893
4128 18893
4132 37786
4134 5270
4135 7905
4140 5270
4141 11442
4161 35444
4163 20650
4164 41300
4165 10325
4169 76539
4170 14979
4171 5933
4174 11866
4177 2820
4179 11280
4180 5640
4186 656
4187 164
4188 492
4192 7968
4193 5828
4195 258
4196 774
4199 2656
4202 5096
4205 432
4206 108
4207 216
4209 108
4210 324
4212 2656
4213 5312
4218 12452
4221 113806
4222 16258
4223 16258
4224 16258
4225 16258
4230 32516
4231 32516
4240 65032
4246 17636
4248 1907
4257 559734
4259 716368
4262 537276
4263 186585
4266 7
4267 42
4273 14
4278 21
4279 21
4282 28
4284 2
4285 6
4291 5
4295 20
4296 10
4299 5
4300 5
4301 5
4302 10
4307 40
4309 15
4310 5
4313 5
4330 186571
4331 373142
4332 373142
4333 373142
4334 1119426
4339 760117
4343 553678
4346 27656
4348 18664
4349 9332
4353 246838
4355 108026
4357 216052
4361 15393
4364 30786
4366 24560
4367 4912
4368 4912
4373 41924
4376 20962
4378 31443
4381 31443
4384 41924
4386 41
4387 123
4394 10440
4399 41760
4400 20880
4403 10440
4404 10440
4405 10440
4408 20880
4409 7444
4410 20880
4412 9646
4415 83520
4417 31320
4418 10440
4421 10481
4443 176090
4444 352180
4446 352180
4449 528270
4451 175431
4452 350862
4453 175431
4454 1403448
4456 350862
4459 350876
4460 528291
4461 176097
4466 2636
4482 663
4487 2434620
fn=alloc_perturb
1985 565359
1987 188453
fn=free
3359 274561
3363 78446
3371 78446
3373 39223
3375 117669
3379 3
3381 4
3383 2
3384 2
3385 1
3388 2
3392 117666
3398 117666
3401 39223
3402 235338
fn=malloc
1326 430866
1345 1077165
3178 25098
3182 25098
3186 50196
3190 25098
3191 12549
3248 4
3294 1723464
3301 430866
3311 430866
3313 861732
3316 430866
3318 106842
3326 405768
3328 811536
3329 1014420
3354 1292598
fn=malloc_consolidate
4811 1494
4826 166
4828 332
4839 166
4841 3320
4842 3320
4845 8984
4849 13476
4850 17968
4855 22460
4858 8984
4859 4492
4860 13476
4862 8984
4863 1746
4864 1746
4865 1746
4866 6984
4868 20952
4871 8984
4874 8984
4875 3130
4876 25040
4878 2724
4880 4492
4881 8984
4882 8984
4884 8984
4885 2872
4889 13476
4891 4492
4892 10752
4901 13283
4904 4980
4905 1328
fn=munmap_chunk
3024 2
3025 2
3026 3
3028 2
3030 1
3031 3
3032 1
3038 4
3039 5
3042 1
3043 3
3048 2
3049 1
fn=ptmalloc_init.part.0
1946 385
1949 381
1957 1
1958 1
1960 1
3143 2
fn=sysmalloc_mmap.isra.0
2008 16
2400 24
2413 12
2418 8
2421 40
2424 8
2428 8
2432 16
2448 12
2466 4
2467 12
2471 12
2472 20
2475 12
2476 20
2481 28
fn=sysmalloc_mmap_fallback.constprop.0
2008 2372
2490 6523
2494 593
2497 1779
2498 5
2501 1186
2502 1186
2505 1186
2506 593
2508 5337
2511 1186
2515 1186
2519 2372
2524 593
2526 593
2528 5337
fn=systrim.constprop.0
2957 558
2966 279
2968 93
2969 186
2970 93
2974 279
2975 93
2978 465
2980 186
2987 279
2988 372
3020 558
fn=tcache_init.part.0
3242 4
3251 8
3252 3
3253 2
3261 4
3270 2
3274 3
fn=unlink_chunk.isra.0
1608 66052
1610 165130
1613 66052
1614 66052
1616 132104
1619 33026
1620 33026
1621 98779
1623 6716
1624 10074
1627 6716
1641 3358
1642 3358
1645 66052
fl=./malloc/./malloc/morecore.c
fn=__glibc_morecore
25 2247
26 1498
27 593
29 749
30 1498
34 1498
fl=./malloc/./malloc/scratch_buffer_set_array_size.c
fn=__libc_scratch_buffer_set_array_size
30 39
34 3
35 6
45 6
46 3
63 18
fl=./math/../sysdeps/ieee754/dbl-64/e_exp.c
fn=__ieee754_exp_fma
88 48000
98 24000
104 24000
105 72000
135 96000
137 24000
139 48000
141 72000
142 48000
145 24000
148 24000
151 192000
152 48000
157 48000
fl=./math/../sysdeps/ieee754/dbl-64/e_sqrt.c
fn=__sqrt_finite@GLIBC_2.15
52 638400
54 638400
146 638400
fl=./math/../sysdeps/ieee754/dbl-64/math_config.h
fn=__ieee754_exp_fma
85 48000
97 24000
fl=./math/../sysdeps/ieee754/dbl-64/s_expm1.c
fn=__expm1_fma
140 4878336
145 1219584
146 2439168
151 2439168
154 2439168
181 2439168
183 431210
185 431150
191 1077875
196 240
197 60
198 60
199 30
201 215605
202 646815
204 3011937
211 1003979
214 1219584
215 1219584
216 4878336
217 3658752
218 2439168
219 2439168
220 1219584
221 4878336
222 2439168
223 3011937
226 431210
227 215605
228 431210
229 646725
230 60
237 90
240 30
242 300
243 90
fl=./math/../sysdeps/ieee754/dbl-64/s_tanh.c
fn=tanh
51 9756672
57 2439168
60 2439168
69 2439168
71 2439168
72 1219584
73 2439168
75 1219584
78 2439168
85 3658752
86 6097920
94 3050510
95 4878336
fl=./math/../sysdeps/x86_64/fpu/multiarch/e_asin.c
fn=__acos_finite@GLIBC_2.15
35 1
fn=__asin_finite@GLIBC_2.15
27 2
fl=./math/../sysdeps/x86_64/fpu/multiarch/e_atan2.c
fn=__atan2_finite@GLIBC_2.15
26 2
fl=./math/../sysdeps/x86_64/fpu/multiarch/e_exp.c
fn=__exp_finite@GLIBC_2.15
27 2
fl=./math/../sysdeps/x86_64/fpu/multiarch/e_exp2f.c
fn=exp2f@@GLIBC_2.27
27 2
fl=./math/../sysdeps/x86_64/fpu/multiarch/e_expf.c
fn=expf@@GLIBC_2.27
27 2
fl=./math/../sysdeps/x86_64/fpu/multiarch/e_log.c
fn=__log_finite@GLIBC_2.15
27 2
fl=./math/../sysdeps/x86_64/fpu/multiarch/e_log2.c
fn=log2@@GLIBC_2.29
27 2
fl=./math/../sysdeps/x86_64/fpu/multiarch/e_log2f.c
fn=log2f@@GLIBC_2.27
27 2
fl=./math/../sysdeps/x86_64/fpu/multiarch/e_logf.c
fn=logf@@GLIBC_2.27
27 2
fl=./math/../sysdeps/x86_64/fpu/multiarch/e_pow.c
fn=__pow_finite@GLIBC_2.15
27 2
fl=./math/../sysdeps/x86_64/fpu/multiarch/e_powf.c
fn=powf@@GLIBC_2.27
30 1
fl=./math/../sysdeps/x86_64/fpu/multiarch/ifunc-avx-fma4.h
fn=__atan2_finite@GLIBC_2.15
32 5
33 2
fn=__exp_finite@GLIBC_2.15
32 5
33 2
fn=__log_finite@GLIBC_2.15
32 5
33 2
fn=cos
32 5
33 2
fn=sin
32 5
33 2
fl=./math/../sysdeps/x86_64/fpu/multiarch/ifunc-fma.h
fn=__log1p
29 4
30 3
fn=cosf
29 4
30 3
fn=exp2f@@GLIBC_2.27
29 4
30 3
fn=expf@@GLIBC_2.27
29 4
30 3
fn=expm1
29 4
30 3
fn=log2@@GLIBC_2.29
29 4
30 3
fn=log2f@@GLIBC_2.27
29 4
30 3
fn=logf@@GLIBC_2.27
29 4
30 3
fn=powf@@GLIBC_2.27
29 4
30 4
fn=sincosf
29 4
30 3
fn=sinf
29 4
30 3
fl=./math/../sysdeps/x86_64/fpu/multiarch/ifunc-fma4.h
fn=__acos_finite@GLIBC_2.15
31 4
32 2
35 1
fn=__asin_finite@GLIBC_2.15
31 4
32 2
fn=__pow_finite@GLIBC_2.15
31 4
32 2
fn=sincos
31 4
32 2
fl=./math/../sysdeps/x86_64/fpu/multiarch/s_cosf.c
fn=cosf
26 2
fl=./math/../sysdeps/x86_64/fpu/multiarch/s_expm1.c
fn=expm1
26 2
fl=./math/../sysdeps/x86_64/fpu/multiarch/s_fma.c
fn=fma
49 6
fl=./math/../sysdeps/x86_64/fpu/multiarch/s_log1p.c
fn=__log1p
26 2
fl=./math/../sysdeps/x86_64/fpu/multiarch/s_sin.c
fn=cos
34 2
fn=sin
27 2
fl=./math/../sysdeps/x86_64/fpu/multiarch/s_sincos.c
fn=sincos
26 2
fl=./math/../sysdeps/x86_64/fpu/multiarch/s_sincosf.c
fn=sincosf
26 2
fl=./math/../sysdeps/x86_64/fpu/multiarch/s_sinf.c
fn=sinf
26 2
fl=./math/./math/w_sqrt_compat.c
fn=sqrt
34 638400
35 1915200
38 638400
fl=./math/./w_exp_template.c
fn=exp@@GLIBC_2.29
31 144000
32 24000
33 240000
37 72000
fl=./misc/../sysdeps/unix/syscall-template.S
fn=mprotect
117 25
122 5
fn=munmap
117 10
122 2
fl=./misc/../sysdeps/unix/sysv/linux/brk.c
fn=brk
36 656
37 1312
38 1312
40 1186
41 1186
44 63
45 63
fl=./misc/../sysdeps/unix/sysv/linux/brk_call.h
fn=brk
24 1312
fl=./misc/../sysdeps/unix/sysv/linux/mmap64.c
fn=mmap
47 4291
50 1226
53 4247
58 3678
60 2452
fl=./misc/../sysdeps/unix/sysv/linux/setvmaname.c
fn=__set_vma_name
33 4190
35 2992
40 14
47 2
48 1
49 5382
fl=./misc/./misc/init-misc.c
fn=__init_misc
30 5
31 6
33 3
37 5
38 3
40 4
fl=./misc/./misc/sbrk.c
fn=sbrk
37 5992
40 1498
43 1498
50 593
58 1498
59 4
62 1498
63 2
66 2620
74 1965
78 5243
fl=./nptl/../sysdeps/unix/sysv/linux/x86/elision-conf.c
fn=__lll_elision_init
92 8
96 5
98 4
100 4
102 4
104 4
107 3
108 1
109 6
fl=./nptl/./nptl/pthread_mutex_conf.c
fn=__pthread_tunables_init
55 8
56 5
58 4
60 4
62 6
fl=./resource/../sysdeps/unix/sysv/linux/getrlimit64.c
fn=getrlimit
38 2
39 7
40 1
fl=./setjmp/../sysdeps/x86_64/bsd-_setjmp.S
fn=_setjmp
28 1
30 1
32 1
fl=./setjmp/../sysdeps/x86_64/setjmp.S
fn=__sigsetjmp
31 7
33 7
42 7
43 14
44 7
48 7
49 7
50 7
51 7
52 7
54 14
56 7
57 7
58 7
60 14
62 7
67 1
68 1
70 6
73 6
74 6
81 6
82 6
85 1
fl=./setjmp/./setjmp/sigjmp.c
fn=__sigjmp_save
28 6
29 1
30 2
34 4
fl=./stdio-common/../include/printf_buffer.h
fn=__printf_buffer_to_file_init
124 2
127 1
128 1
137 2
fl=./stdio-common/../libio/libioP.h
fn=__printf_buffer_to_file_done
1025 3
1026 2
fl=./stdio-common/../string/bits/string_fortified.h
fn=__printf_buffer_write
29 3
fl=./stdio-common/./stdio-common/Xprintf_buffer_done.c
fn=__printf_buffer_done
25 1
26 3
31 2
33 12
40 1
fl=./stdio-common/./stdio-common/Xprintf_buffer_write.c
fn=__printf_buffer_write
27 8
28 3
31 6
33 5
36 1
37 2
40 3
41 1
44 6
fl=./stdio-common/./stdio-common/printf-parse.h
fn=__printf_buffer
82 5
fl=./stdio-common/./stdio-common/printf.c
fn=printf
28 14
32 6
33 7
37 5
fl=./stdio-common/./stdio-common/printf_buffer_to_file.c
fn=__printf_buffer_to_file_done
51 4
53 4
58 3
59 6
65 2
66 1
117 8
118 3
121 2
122 5
fn=__printf_buffer_to_file_init
108 1
109 2
111 1
112 1
fn=__printf_buffer_to_file_switch
29 2
30 10
40 2
41 2
44 8
45 2
fl=./stdio-common/./stdio-common/vfprintf-internal.c
fn=__printf_buffer
600 15
627 5
638 4
653 3
654 2
655 3
659 2
1044 11
fn=__vfprintf_internal
1522 13
1525 7
1529 5
1540 2
1543 4
1544 5
1545 3
1567 11
fl=./stdlib/./stdlib/cxa_atexit.c
fn=__cxa_atexit
41 2
43 8
44 2
46 2
52 3
53 1
54 1
55 1
56 1
57 4
58 1
67 7
69 6
fn=__new_exitfn
80 5
81 1
86 2
91 10
93 4
101 1
122 1
123 1
134 1
136 1
137 1
141 5
fl=./stdlib/./stdlib/rand.c
fn=rand
26 467513856
27 155837952
28 311675904
fl=./stdlib/./stdlib/random.c
fn=random
288 1090865664
291 467513856
293 467513856
295 623351808
297 155837952
298 779189760
fn=srand
209 6
210 4
211 3
212 4
213 3
fl=./stdlib/./stdlib/random_r.c
fn=random_r
354 155837952
357 623351808
360 155837952
362 467513856
370 155837952
371 155837952
372 155837952
375 467513856
377 311675904
378 306648874
379 311675904
382 155837952
387 301621844
388 10054060
390 155837952
391 155837952
393 155837952
398 155837952
fn=srandom_r
162 2
170 2
172 1
173 2
176 1
180 4
181 2
184 3
186 1
187 63
192 240
193 60
194 90
196 90
197 60
200 6
202 1
203 622
210 2
362 930
370 310
371 310
372 310
375 620
378 310
379 620
381 20
382 310
388 600
390 310
391 310
fl=./string/../include/rtld-malloc.h
fn=strdup
56 8
fl=./string/../string/strcspn.c
fn=strcspn
32 6
33 3
34 2
39 6
40 4
41 4
42 4
44 1
47 9
48 6
51 4
52 4
53 4
54 4
56 3
61 13
62 26
63 26
64 26
65 13
67 78
69 1
70 4
71 3
fl=./string/../sysdeps/x86/cacheinfo.c
fn=__x86_cacheinfo
86 1
fl=./string/../sysdeps/x86/cacheinfo.h
fn=__x86_cacheinfo
59 1
62 3
64 3
65 1
71 3
73 3
74 1
78 2
80 2
81 2
82 2
84 2
86 2
fl=./string/../sysdeps/x86_64/multiarch/../multiarch/memcmp-sse2.S
fn=bcmp
59 1
71 1
72 1
94 1
95 1
140 1
141 1
143 1
144 1
146 1
147 1
149 1
150 1
197 1
198 1
199 1
200 1
201 1
202 1
fl=./string/../sysdeps/x86_64/multiarch/../multiarch/memset-vec-unaligned-erms.S
fn=memset
132 8
133 40
138 8
139 8
142 2
143 2
244 2
245 2
257 2
260 2
261 2
273 2
274 2
287 2
288 2
290 2
293 1
296 2
299 35
300 35
301 35
302 35
303 35
304 35
305 35
308 2
309 2
310 2
311 2
316 2
350 6
352 6
353 6
392 6
393 6
395 6
fl=./string/../sysdeps/x86_64/multiarch/../multiarch/strchr-sse2.S
fn=index
32 19
33 19
34 19
35 19
36 19
37 19
38 19
39 19
40 19
41 19
42 19
43 19
44 19
45 19
46 19
47 19
48 19
49 19
50 16
54 16
55 16
56 16
57 16
59 16
63 3
64 3
65 3
66 3
67 3
68 3
69 3
70 3
71 3
72 3
73 3
74 3
75 3
76 3
77 3
78 3
79 3
80 3
81 3
82 3
83 3
84 3
85 3
86 3
138 3
142 3
143 3
144 3
145 3
147 3
fl=./string/../sysdeps/x86_64/multiarch/../multiarch/strcmp-sse2.S
fn=strcmp
98 289
131 289
132 289
134 289
135 289
156 289
157 289
158 243
159 243
160 206
161 206
162 206
163 206
180 206
181 206
182 206
183 206
184 206
185 206
186 206
191 16
192 48
201 99
202 99
203 99
204 99
205 99
206 99
207 99
208 99
209 92
210 45
211 45
212 45
214 92
215 92
216 92
217 92
218 92
219 92
229 7
230 7
231 7
233 7
239 7
240 7
241 7
242 7
243 7
248 7
250 3
251 3
252 6
260 3
261 3
264 3
265 3
266 3
267 3
268 3
269 3
300 6
301 6
302 6
303 6
304 6
306 6
307 6
308 6
309 6
310 6
311 6
312 6
313 6
316 6
317 6
318 6
324 6
325 6
326 12
330 6
331 6
334 6
335 6
336 6
338 6
339 6
340 6
344 6
345 6
346 6
347 6
348 6
349 6
661 1
662 1
663 1
664 1
665 1
667 1
668 1
669 1
670 1
671 1
672 1
673 1
780 1
781 1
782 1
783 1
784 1
786 1
787 1
788 1
789 1
790 1
791 1
792 1
899 4
900 4
901 4
902 4
903 4
905 4
906 4
907 4
908 4
909 4
910 4
911 4
912 2
916 2
917 2
918 2
924 2
925 2
926 4
930 2
931 2
934 2
935 2
936 2
938 2
939 2
940 2
944 2
945 2
946 2
947 2
948 2
949 2
956 1
957 1
959 1
960 1
962 1
963 1
964 1
966 1
967 1
968 1
972 1
973 1
974 1
975 1
976 1
977 1
1018 10
1019 10
1020 10
1021 10
1022 10
1024 10
1025 10
1026 10
1027 10
1028 10
1029 10
1030 10
1031 6
1035 6
1036 6
1037 6
1043 6
1044 6
1045 12
1049 6
1050 6
1053 6
1054 6
1055 6
1057 6
1058 6
1059 6
1063 6
1064 6
1065 6
1066 6
1067 6
1068 6
1137 6
1138 6
1139 6
1140 6
1141 6
1143 6
1144 6
1145 6
1146 6
1147 6
1148 6
1149 6
1256 12
1257 12
1258 12
1259 12
1260 12
1262 12
1263 12
1264 12
1265 12
1266 12
1267 12
1268 12
1269 2
1273 2
1274 2
1275 2
1281 2
1282 2
1283 4
1287 2
1288 2
1291 2
1292 2
1293 2
1295 2
1296 2
1297 2
1301 2
1302 2
1303 2
1304 2
1305 2
1306 2
1375 3
1376 3
1377 3
1378 3
1379 3
1381 3
1382 3
1383 3
1384 3
1385 3
1386 3
1387 3
1388 3
1392 3
1393 3
1394 3
1400 3
1401 3
1402 6
1406 3
1407 3
1410 3
1411 3
1412 3
1414 3
1415 3
1416 3
1420 3
1421 3
1422 3
1423 3
1424 3
1425 3
1494 11
1495 11
1496 11
1497 11
1498 11
1500 11
1501 11
1502 11
1503 11
1504 11
1505 11
1506 11
1507 6
1511 6
1512 6
1513 6
1519 6
1520 6
1521 12
1525 6
1526 6
1529 6
1530 6
1531 6
1533 6
1534 6
1535 6
1539 6
1540 6
1541 6
1542 6
1543 6
1544 6
1613 2
1614 2
1615 2
1616 2
1617 2
1619 2
1620 2
1621 2
1622 2
1623 2
1624 2
1625 2
1626 1
1630 1
1631 1
1632 1
1638 1
1639 1
1640 2
1644 1
1645 1
1648 1
1649 1
1650 1
1652 1
1653 1
1654 1
1658 1
1659 1
1660 1
1661 1
1662 1
1663 1
1670 1
1671 1
1673 1
1674 1
1676 1
1677 1
1678 1
1680 1
1681 1
1682 1
1686 1
1687 1
1688 1
1689 1
1690 1
1691 1
1732 10
1733 10
1734 10
1735 10
1736 10
1738 10
1739 10
1740 10
1741 10
1742 10
1743 10
1744 10
1745 8
1749 8
1750 8
1751 8
1757 8
1758 8
1759 16
1763 8
1764 8
1767 8
1768 8
1769 8
1771 8
1772 8
1773 8
1777 8
1778 8
1779 8
1780 8
1781 8
1782 8
1789 1
1790 1
1792 1
1793 1
1795 1
1796 1
1797 1
1799 1
1800 1
1801 1
1805 1
1806 1
1807 1
1808 1
1809 1
1810 1
1851 5
1852 5
1853 5
1854 5
1855 5
1857 5
1858 5
1859 5
1860 5
1861 5
1862 5
1863 5
1864 3
1868 3
1869 3
1870 3
1876 3
1877 3
1878 6
1882 3
1883 3
1886 3
1887 3
1888 3
1890 3
1891 3
1892 3
1896 3
1897 3
1898 3
1899 3
1900 3
1901 3
1970 21
1971 21
1972 21
1973 21
1974 21
1976 21
1977 21
1978 21
1979 21
1980 21
1981 21
1982 21
1984 5
1988 5
1989 5
1990 5
1996 5
1997 5
1999 10
2003 5
2004 5
2007 5
2008 5
2009 5
2011 5
2012 5
2013 5
2017 5
2018 5
2019 5
2020 5
2021 5
2022 5
2093 45
2095 99
2096 99
2097 99
2098 99
2099 90
2104 289
2110 289
2111 289
2119 289
2120 289
fn=strncmp
98 1
125 1
126 1
127 1
128 1
129 1
131 1
132 1
134 1
135 1
156 1
157 1
158 1
159 1
160 1
161 1
162 1
163 1
180 1
181 1
182 1
183 1
184 1
185 1
186 1
2104 1
2107 1
2108 1
2110 1
2111 1
2119 1
2120 1
fl=./string/../sysdeps/x86_64/multiarch/../multiarch/strlen-sse2.S
fn=strlen
57 20
101 20
102 20
103 20
104 20
105 20
106 20
107 20
109 20
111 20
142 20
143 20
144 20
145 20
146 20
147 11
149 11
153 9
154 9
155 9
156 9
157 9
158 9
159 9
160 9
161 9
162 9
163 9
164 9
169 72
fl=./string/../sysdeps/x86_64/multiarch/ifunc-avx2.h
fn=memrchr
38 4
40 3
41 2
42 3
45 2
46 2
49 3
52 6
fn=rindex
38 4
40 3
41 2
42 3
45 2
46 2
49 3
52 6
fn=strchrnul
38 4
40 3
41 2
42 3
45 2
46 2
49 3
52 6
fn=strlen
38 4
40 3
41 2
42 3
45 2
46 2
49 3
52 6
fn=strnlen
38 8
40 6
41 4
42 6
45 4
46 4
49 6
52 12
fl=./string/../sysdeps/x86_64/multiarch/ifunc-evex.h
fn=memchr
37 4
38 3
39 3
42 2
43 2
45 2
51 3
54 4
fl=./string/../sysdeps/x86_64/multiarch/ifunc-memcmp.h
fn=bcmp
34 5
35 2
36 2
37 3
40 2
41 2
44 3
47 4
fl=./string/../sysdeps/x86_64/multiarch/ifunc-memmove.h
fn=memcpy@@GLIBC_2.14
56 4
57 6
60 6
61 4
74 4
77 4
85 4
93 4
96 10
fn=memmove
56 2
57 3
60 3
61 2
74 2
77 2
85 2
93 2
96 5
fn=mempcpy
56 2
57 3
60 3
61 2
74 2
77 2
85 2
93 2
96 5
fl=./string/../sysdeps/x86_64/multiarch/ifunc-memset.h
fn=memset
54 5
57 3
58 2
64 2
73 2
75 2
85 2
93 2
96 5
fl=./string/../sysdeps/x86_64/multiarch/ifunc-sse4_2.h
fn=strcspn
36 5
fn=strpbrk
36 5
fn=strspn
36 5
fl=./string/../sysdeps/x86_64/multiarch/ifunc-strcasecmp.h
fn=strcasecmp
36 4
37 2
38 3
41 2
42 2
45 3
48 5
fn=strcasecmp_l
36 4
37 2
38 3
41 2
42 2
45 3
48 5
fn=strncasecmp
36 4
37 2
38 3
41 2
42 2
45 3
48 5
fn=strncasecmp_l
36 4
37 2
38 3
41 2
42 2
45 3
48 5
fl=./string/../sysdeps/x86_64/multiarch/ifunc-strcpy.h
fn=stpcpy
38 4
39 3
42 2
43 2
46 3
49 3
fn=strcat
38 4
39 3
42 2
43 2
46 3
49 3
fn=strcpy
38 4
39 3
42 2
43 2
46 3
49 3
fl=./string/../sysdeps/x86_64/multiarch/ifunc-strncpy.h
fn=stpncpy
35 5
36 3
39 2
40 2
43 3
46 4
fn=strncpy
35 5
36 3
39 2
40 2
43 3
46 4
fl=./string/../sysdeps/x86_64/multiarch/memchr.c
fn=memchr
29 2
fl=./string/../sysdeps/x86_64/multiarch/memcmp.c
fn=bcmp
29 4
fl=./string/../sysdeps/x86_64/multiarch/memcmpeq.c
fn=memcpy@@GLIBC_2.14
29 2
fl=./string/../sysdeps/x86_64/multiarch/memmove-vec-unaligned-erms.S
fn=__memcpy_avx_unaligned_erms
255 19201
256 19201
262 19203
263 19203
265 19200
266 19200
267 19200
305 3
306 3
308 2
309 2
311 2
315 2
316 2
317 2
318 2
319 2
323 2
325 2
342 1
343 1
344 1
345 1
347 1
386 19200
387 19200
392 19200
393 19200
395 19200
396 19200
397 19200
399 19200
400 19200
401 19200
402 19200
403 19200
404 19200
405 19200
406 19200
407 19200
408 19200
409 19200
410 19200
411 19200
412 19200
413 38400
fn=__mempcpy_avx_unaligned_erms
242 2
243 2
244 2
245 2
fn=memcpy
210 20
211 20
217 37
218 37
220 19
221 19
222 19
224 13
225 13
226 13
228 13
308 18
309 18
311 3
315 3
316 3
317 3
318 1
319 1
323 1
325 3
364 15
365 15
366 15
367 15
368 15
375 6
376 6
377 6
378 6
379 6
380 6
381 6
392 6
393 6
395 6
396 6
397 6
fn=mempcpy
197 17
198 17
199 17
200 17
fl=./string/../sysdeps/x86_64/multiarch/memmove.c
fn=memmove
29 1
fl=./string/../sysdeps/x86_64/multiarch/mempcpy.c
fn=mempcpy
33 1
fl=./string/../sysdeps/x86_64/multiarch/memrchr.c
fn=memrchr
29 3
fl=./string/../sysdeps/x86_64/multiarch/memset.c
fn=memset
29 1
fl=./string/../sysdeps/x86_64/multiarch/stpcpy.c
fn=stpcpy
33 3
fl=./string/../sysdeps/x86_64/multiarch/stpncpy.c
fn=stpncpy
31 3
fl=./string/../sysdeps/x86_64/multiarch/strcasecmp.c
fn=strcasecmp
31 3
fl=./string/../sysdeps/x86_64/multiarch/strcasecmp_l.c
fn=strcasecmp_l
31 3
fl=./string/../sysdeps/x86_64/multiarch/strcat.c
fn=strcat
29 3
fl=./string/../sysdeps/x86_64/multiarch/strchr-avx2.S
fn=__strchrnul_avx2
53 1
55 1
56 1
57 1
58 1
59 1
62 1
63 1
67 1
68 1
69 1
70 1
71 1
72 1
73 1
74 1
87 1
89 2
fl=./string/../sysdeps/x86_64/multiarch/strchr.c
fn=index
42 4
43 2
44 3
47 2
48 2
51 3
54 3
65 3
fl=./string/../sysdeps/x86_64/multiarch/strchrnul.c
fn=strchrnul
31 3
fl=./string/../sysdeps/x86_64/multiarch/strcmp.c
fn=strcmp
47 4
48 2
49 3
52 2
53 2
56 3
59 3
79 3
fl=./string/../sysdeps/x86_64/multiarch/strcpy.c
fn=strcpy
29 3
fl=./string/../sysdeps/x86_64/multiarch/strcspn.c
fn=strcspn
29 2
fl=./string/../sysdeps/x86_64/multiarch/strlen-avx2.S
fn=__strlen_avx2
52 2
65 2
66 2
67 2
70 2
72 2
73 2
76 2
77 2
85 2
86 2
87 1
92 2
118 1
131 1
132 1
133 1
139 2
221 1
236 1
242 1
243 1
244 1
fl=./string/../sysdeps/x86_64/multiarch/strlen.c
fn=strlen
29 3
fl=./string/../sysdeps/x86_64/multiarch/strncase.c
fn=strncasecmp
31 3
fl=./string/../sysdeps/x86_64/multiarch/strncase_l.c
fn=strncasecmp_l
31 3
fl=./string/../sysdeps/x86_64/multiarch/strncmp.c
fn=strncmp
43 4
44 2
45 3
48 2
49 2
52 3
55 5
67 3
fl=./string/../sysdeps/x86_64/multiarch/strncpy.c
fn=strncpy
29 3
fl=./string/../sysdeps/x86_64/multiarch/strnlen.c
fn=strnlen
31 6
fl=./string/../sysdeps/x86_64/multiarch/strpbrk.c
fn=strpbrk
29 2
fl=./string/../sysdeps/x86_64/multiarch/strrchr-avx2.S
fn=__strrchr_avx2
53 1
54 1
55 1
57 1
58 1
62 1
63 1
64 1
67 1
69 1
70 1
71 1
72 1
75 1
76 1
78 1
79 1
80 1
81 1
82 1
91 2
fl=./string/../sysdeps/x86_64/multiarch/strrchr.c
fn=rindex
28 3
fl=./string/../sysdeps/x86_64/multiarch/strspn.c
fn=strspn
29 2
fl=./string/./string/strdup.c
fn=strdup
40 24
41 8
44 8
47 16
48 12
fl=./time/../sysdeps/unix/sysv/linux/clock.c
fn=clock
25 21
31 15
34 3
35 21
36 15
fl=./time/../sysdeps/unix/sysv/linux/clock_gettime.c
fn=clock_gettime@@GLIBC_2.17
30 3
38 6
40 6
44 6
68 6
69 6
fl=./wcsmbs/../sysdeps/x86_64/multiarch/ifunc-avx2.h
fn=wcschr
38 8
40 6
41 4
42 6
45 4
46 4
49 6
52 12
fn=wcscmp
38 4
40 3
41 2
42 3
45 2
46 2
49 3
52 6
fl=./wcsmbs/../sysdeps/x86_64/multiarch/ifunc-evex.h
fn=wmemchr
37 8
38 6
39 6
42 4
43 4
45 4
51 6
54 8
fl=./wcsmbs/../sysdeps/x86_64/multiarch/ifunc-memcmp.h
fn=wmemcmp
34 5
35 2
36 2
37 3
40 2
41 2
44 3
47 4
fl=./wcsmbs/../sysdeps/x86_64/multiarch/ifunc-wcs.h
fn=wcpncpy
39 4
40 3
41 3
44 2
45 3
48 4
fn=wcscat
39 4
40 3
41 3
44 2
45 3
48 4
fn=wcsncpy
39 4
40 3
41 3
44 2
45 3
48 4
fl=./wcsmbs/../sysdeps/x86_64/multiarch/ifunc-wcslen.h
fn=wcslen
40 4
41 2
42 3
45 2
46 2
49 3
52 3
fn=wcsnlen
40 4
41 2
42 3
45 2
46 2
49 3
52 3
fl=./wcsmbs/../sysdeps/x86_64/multiarch/ifunc-wmemset.h
fn=wmemset
36 10
37 6
fl=./wcsmbs/../sysdeps/x86_64/multiarch/wcpcpy.c
fn=wcpncpy
31 1
fl=./wcsmbs/../sysdeps/x86_64/multiarch/wcpncpy.c
fn=wcpncpy
31 1
fl=./wcsmbs/../sysdeps/x86_64/multiarch/wcscat.c
fn=wcscat
31 2
fn=wcschr
31 2
fl=./wcsmbs/../sysdeps/x86_64/multiarch/wcschr.c
fn=wcschr
31 4
fl=./wcsmbs/../sysdeps/x86_64/multiarch/wcscmp.c
fn=wcscmp
30 3
fl=./wcsmbs/../sysdeps/x86_64/multiarch/wcscpy.c
fn=wcscpy
42 4
43 2
44 3
46 2
47 3
50 3
60 2
fl=./wcsmbs/../sysdeps/x86_64/multiarch/wcslen.c
fn=wcslen
29 3
fl=./wcsmbs/../sysdeps/x86_64/multiarch/wcsncpy.c
fn=wcsncpy
31 2
fl=./wcsmbs/../sysdeps/x86_64/multiarch/wcsnlen.c
fn=wcsnlen
30 3
fl=./wcsmbs/../sysdeps/x86_64/multiarch/wmemchr.c
fn=wmemchr
31 4
fl=./wcsmbs/../sysdeps/x86_64/multiarch/wmemcmp.c
fn=wmemcmp
29 4
fl=./wcsmbs/../sysdeps/x86_64/multiarch/wmemset.c
fn=wmemset
31 4
fl=/home/ru34/A5/gpt2.c
fn=block
185 640
187 480
188 480
189 480
190 480
191 480
194 560
197 480
198 480
199 480
200 2000
201 7200
202 7200
203 7200
208 240
209 240
210 240
211 3200
212 10560
213 10560
214 10560
215 24000
216 62400
217 62400
218 62400
220 124800
221 124800
222 124800
227 240
228 3200
229 26880
233 480
234 2000
235 4400
236 16000
237 124800
242 560
245 560
248 480
249 1988
250 5571
251 2382
252 5558
253 1191
254 1191
258 553
261 1975
262 3160
263 3160
264 3160
265 3160
266 3160
267 3160
268 3160
270 237
271 237
272 237
273 237
274 237
275 237
276 237
279 3160
280 23700
281 61620
282 61620
283 61620
284 61620
286 7584
287 7584
288 7584
289 7584
291 237
292 237
293 237
294 237
296 79
297 237
fn=gelu
167 2382
168 2382
169 4880321
170 75614208
172 397
173 794
fn=initialize_linear_layer
342 488
343 183
344 183
345 488
346 488
347 496245
348 1487820
349 991880
350 466436501
351 2561991168
354 305
fn=initialize_weights
356 9
361 3
362 150775
363 402056
364 115993156
365 810544896
370 3
371 3076
372 8192
373 2363392
374 16515072
378 3
379 40
381 144
382 156
383 156
386 12
387 168
388 168
392 6
394 3
395 13
396 7
fn=linear
66 18009
67 12006
68 11004525
69 32983572
70 11267458187
71 87216291498
74 2000
75 4000
fn=main
478 11
479 1
480 1
481 1
482 5
483 36
484 2
487 2
490 4
493 4
494 25
495 100
496 5
497 15
498 753860
499 2010240
500 385
501 110
505 15
508 3
509 9
510 4
513 38
516 1
517 3
518 150772
519 402048
520 77
521 22
524 5
526 2
527 7
528 3
533 3
fn=matrix_add
131 1431
132 954
133 3975
134 8745
135 2446215
136 20759040
139 159
140 477
fn=model
300 49
302 7
303 49
306 42
307 175
308 280
310 80780
311 1182720
316 21
319 265
320 3758
322 1975
323 3160
325 237
326 158
330 36
331 90
334 150
335 240
337 18
339 6
340 18
fn=norm
143 1280
144 960
145 4000
146 8800
148 1600
149 2461600
150 8601600
152 4000
153 1600
154 2461600
155 17817600
157 4000
159 2461600
160 23347200
163 160
164 480
fn=positions_for
176 49
177 42
178 175
179 315
181 7
182 14
fn=scaled_dot_product_attention
78 9600
80 5760
81 24000
82 52800
83 120000
84 48000
85 6264000
86 39936000
88 552000
93 5760
94 24000
95 52800
96 9600
97 120000
98 672000
99 336000
102 120000
103 552000
108 5760
109 24000
110 52800
111 1252800
112 3686400
113 7680000
114 70656000
120 24000
121 38400
122 38400
124 2880
125 2880
127 960
128 2880
fl=???
fn=(below main)
0 12
fn=???
0 318474904
summary: 112147810606
