cmd: ./gpt2_optimized
events: Ir
fl=./csu/../csu/libc-start.c
fn=__libc_start_main@@GLIBC_2.34
128 2
134 3
135 7
138 1
139 2
142 3
143 2
144 11
145 4
242 13
311 3
312 3
337 6
340 2
343 2
350 2
352 2
360 4
fl=./csu/../sysdeps/nptl/libc_start_call_main.h
fn=(below main)
29 9
44 3
46 2
51 2
52 2
55 2
58 6
74 2
fl=./csu/./csu/init-first.c
fn=_init_first
46 6
51 2
55 5
61 1
62 1
63 2
71 2
72 3
fl=./ctype/./ctype/ctype-info.c
fn=__ctype_init
29 2
31 14
33 8
35 8
36 2
fl=./debug/../sysdeps/x86_64/multiarch/ifunc-memmove.h
fn=__memcpy_chk
56 2
57 3
60 3
61 2
74 2
77 2
85 2
93 2
96 5
fn=__memmove_chk
56 2
57 3
60 3
61 2
74 2
77 2
85 2
93 2
96 5
fn=__mempcpy_chk
56 2
57 3
60 3
61 2
74 2
77 2
85 2
93 2
96 5
fl=./debug/../sysdeps/x86_64/multiarch/ifunc-memset.h
fn=__memset_chk
54 5
57 3
58 2
64 2
73 2
75 2
85 2
93 2
96 5
fl=./debug/../sysdeps/x86_64/multiarch/memcpy_chk.c
fn=__memcpy_chk
29 1
fl=./debug/../sysdeps/x86_64/multiarch/memmove_chk.c
fn=__memmove_chk
29 1
fl=./debug/../sysdeps/x86_64/multiarch/mempcpy_chk.c
fn=__mempcpy_chk
29 1
fl=./debug/../sysdeps/x86_64/multiarch/memset_chk.c
fn=__memset_chk
29 1
fl=./elf/../bits/stdlib-bsearch.h
fn=intel_check_word.constprop.0
27 96
28 48
29 744
31 648
32 348
35 264
37 120
fl=./elf/../elf/dl-tls.c
fn=_dl_add_to_slotinfo
1017 18
1023 2
1026 2
1027 2
1031 6
1065 4
1068 4
1069 6
1072 12
fn=_dl_allocate_tls
365 1
369 1
370 1
371 2
374 1
380 3
530 2
531 1
534 2
537 3
549 1
554 18
560 6
563 6
564 4
570 6
571 4
573 11
576 4
577 4
580 4
581 8
583 4
584 4
593 2
603 26
609 6
615 2
618 1
620 1
626 10
627 2
630 8
fn=_dl_allocate_tls_init
523 11
524 2
528 2
531 1
534 2
537 3
549 1
554 22
560 7
563 6
564 4
570 6
571 4
573 17
576 4
577 4
580 4
581 8
583 4
584 4
593 2
601 4
603 20
609 2
615 2
618 2
621 9
fn=_dl_allocate_tls_storage
365 1
369 1
370 1
371 2
374 1
380 2
417 7
419 1
430 1
431 1
432 2
440 6
441 1
445 305
464 1
470 7
fn=_dl_assign_tls_modid
125 8
128 4
141 2
181 2
183 2
186 2
187 4
fn=_dl_count_modids
192 1
194 2
195 1
210 2
fn=_dl_determine_tlsoffset
216 9
217 1
218 1
219 1
222 4
225 2
259 1
261 18
263 7
265 6
266 4
268 4
270 10
281 2
286 16
288 4
289 2
291 1
292 2
294 2
301 1
302 7
304 2
354 1
355 8
fn=_dl_tls_static_surplus_init
83 3
97 8
100 6
101 5
102 3
104 4
107 1
109 1
111 3
112 6
fl=./elf/../include/list.h
fn=__tls_init_tp
43 2
44 2
45 1
47 1
fl=./elf/../include/rtld-malloc.h
fn=__minimal_calloc
56 12
fn=_dl_allocate_tls
44 2
fn=_dl_allocate_tls_storage
44 2
56 1
fn=_dl_check_map_versions
44 15
fn=_dl_find_object_init
56 2
fn=_dl_important_hwcaps
56 4
fn=_dl_init_paths
56 5
fn=_dl_map_object_deps
56 10
fn=_dl_new_object
44 15
56 12
fn=fillin_rpath.isra.0
50 2
51 1
56 2
fn=init_tls
44 2
fl=./elf/../include/scratch_buffer.h
fn=_dl_map_object_deps
77 2
78 1
85 3
131 16
fl=./elf/../misc/sbrk.c
fn=sbrk
37 6
40 1
58 2
62 2
78 5
fl=./elf/../nptl/nptl-stack.h
fn=__libc_early_init
61 8
fl=./elf/../sysdeps/generic/_itoa.h
fn=_dl_check_map_versions
76 21
fl=./elf/../sysdeps/generic/dl-cache.h
fn=_dl_load_cache_lookup
125 3
194 1
195 5
fl=./elf/../sysdeps/generic/dl-call_tls_init_tp.h
fn=init_tls
31 8
33 1
fl=./elf/../sysdeps/generic/dl-debug.h
fn=dl_main
29 4
30 1
fl=./elf/../sysdeps/generic/dl-hash.h
fn=__rtld_malloc_init_real
43 1
44 1
45 19
48 18
62 24
67 1
72 1
fl=./elf/../sysdeps/generic/dl-new-hash.h
fn=_dl_lookup_symbol_x
69 157
70 314
74 1183
77 2366
80 1101
81 2202
87 75
88 75
89 150
90 75
99 1026
101 1026
102 2052
104 1026
105 1026
fl=./elf/../sysdeps/generic/dl-protected.h
fn=do_lookup_x
29 576
fl=./elf/../sysdeps/generic/ldsodefs.h
fn=_dl_relocate_object
79 54
140 432
fn=_dl_start
79 6
fn=do_lookup_x
139 288
140 432
fl=./elf/../sysdeps/nptl/dl-mutex.c
fn=__rtld_mutex_init
30 7
37 1
40 7
44 2
45 9
47 6
51 2
52 7
53 6
fl=./elf/../sysdeps/nptl/dl-tls_init_tp.c
fn=__tls_init_tp
68 5
69 1
72 1
75 4
76 2
77 1
82 2
87 4
90 1
93 3
105 4
121 3
128 2
129 3
fn=__tls_pre_init_tp
53 3
56 10
61 2
62 1
64 1
fn=rtld_mutex_dummy
42 12
44 24
fl=./elf/../sysdeps/nptl/pthread_early_init.h
fn=__libc_early_init
33 6
34 1
38 5
45 2
46 1
48 2
52 5
53 1
54 1
56 1
fl=./elf/../sysdeps/posix/dl-fileid.h
fn=_dl_map_object_from_fd
37 16
40 16
49 40
fl=./elf/../sysdeps/unix/sysv/linux/brk.c
fn=brk
36 1
37 1
38 2
44 1
45 1
fl=./elf/../sysdeps/unix/sysv/linux/brk_call.h
fn=brk
24 2
fl=./elf/../sysdeps/unix/sysv/linux/dl-osinfo.h
fn=dl_main
39 2
52 1
fl=./elf/../sysdeps/unix/sysv/linux/dl-parse_auxv.h
fn=_dl_sysdep_parse_arguments
32 2
33 1
34 1
41 93
42 44
43 44
45 1
46 2
47 2
48 2
49 1
51 2
52 2
53 2
54 2
56 2
fl=./elf/../sysdeps/unix/sysv/linux/dl-sysdep.c
fn=_dl_sysdep_parse_arguments
78 7
79 2
80 2
81 3
82 37
83 77
86 2
90 56
93 5
94 2
95 3
96 6
fn=_dl_sysdep_start
102 6
103 1
106 2
110 2
113 1
115 2
122 3
123 2
125 5
137 3
140 5
143 4
fn=_dl_sysdep_start_cleanup
147 1
148 1
fl=./elf/../sysdeps/unix/sysv/linux/dl-vdso-setup.h
fn=dl_main
30 1
33 1
36 1
39 1
45 1
fl=./elf/../sysdeps/unix/sysv/linux/dl-vdso.h
fn=dl_main
40 2
41 5
55 2
fl=./elf/../sysdeps/unix/sysv/linux/rseq-internal.h
fn=__tls_init_tp
32 3
34 7
37 2
40 1
fl=./elf/../sysdeps/unix/sysv/linux/x86/dl-hwcap2.h
fn=update_active.constprop.0
25 2
fl=./elf/../sysdeps/unix/sysv/linux/x86/dl-minsigstacksize.h
fn=get_common_indices.constprop.0
24 2
27 2
28 2
65 3
72 1
74 1
fl=./elf/../sysdeps/x86/cpu-features.c
fn=get_common_indices.constprop.0
398 3
402 4
405 5
409 1
410 4
411 4
412 4
413 3
414 2
421 2
423 9
428 8
435 2
436 7
442 2
457 3
fn=init_cpu_features.constprop.0
376 3
377 2
378 6
383 2
384 6
389 2
390 7
682 8
685 1
686 1
687 1
690 1
699 3
702 6
703 1
706 2
708 6
713 1
715 3
717 9
721 7
774 3
781 2
799 1
832 2
866 4
869 2
870 1
878 2
885 2
887 2
891 2
897 2
899 1
1001 3
1002 2
1005 2
1006 2
1012 1
1013 1
1014 1
1015 2
1019 4
1022 4
1028 3
1041 2
1042 4
1081 1
1082 2
1086 3
1103 2
1104 2
1106 3
1107 2
1109 3
1110 2
1113 2
1127 4
1129 4
1135 4
1142 8
fn=update_active.constprop.0
72 8
76 1
84 3
85 3
86 1
94 4
95 1
103 4
104 1
109 4
112 4
113 1
116 5
117 2
121 5
122 3
123 3
124 2
128 5
129 5
130 3
132 2
133 4
147 2
151 7
152 4
154 3
158 4
161 1
164 2
166 2
170 1
171 1
178 4
180 5
186 4
188 5
190 4
195 5
244 3
245 3
261 4
277 2
281 2
282 1
285 4
289 2
293 3
294 2
296 1
297 1
300 2
302 1
305 2
356 5
360 3
369 1
370 8
fl=./elf/../sysdeps/x86/dl-cacheinfo.h
fn=get_common_cache_info.constprop.0
571 11
586 1
587 1
588 2
589 1
590 2
596 3
598 7
601 2
613 1
618 3
622 2
627 5
630 24
637 8
640 26
645 2
649 3
650 2
654 2
658 3
661 4
662 1
667 4
673 4
681 6
683 2
685 4
687 12
689 1
690 1
691 9
693 4
696 7
701 1
703 4
704 3
705 1
708 2
711 2
718 1
720 4
721 1
726 2
731 2
732 1
733 2
734 1
759 3
770 5
771 5
775 2
782 1
783 2
784 1
785 7
fn=handle_intel.constprop.0
250 108
255 24
261 12
262 12
267 48
271 24
276 24
279 60
281 24
284 60
286 24
305 96
fn=init_cpu_features.constprop.0
792 1
793 1
795 1
809 2
811 3
812 3
813 3
814 2
817 3
819 3
820 2
822 3
824 3
825 1
827 3
829 3
830 2
832 3
834 3
836 3
838 5
894 2
895 2
896 2
897 2
898 2
899 2
900 1
901 1
902 1
903 1
904 1
905 1
907 1
910 3
924 3
925 7
930 2
931 6
932 2
939 3
959 6
968 2
969 2
974 12
987 5
995 7
997 2
1000 5
1002 2
1005 5
1006 5
1010 6
1011 3
1017 7
1020 11
1021 10
1022 13
1025 10
1027 10
1040 4
1042 2
1043 2
1044 1
1045 1
1046 1
1047 1
fn=intel_check_word.constprop.0
110 648
113 324
119 216
123 48
125 12
129 120
131 144
133 60
135 120
143 120
152 12
155 138
158 99
162 58
164 189
167 120
168 72
169 60
170 48
172 11
174 22
176 12
177 16
178 12
179 20
180 14
181 12
183 8
184 12
187 21
190 2
194 192
202 168
216 48
246 144
fl=./elf/../sysdeps/x86/dl-get-cpu-features.c
fn=__x86_cpu_features
39 3
71 3
fn=_dl_x86_init_cpu_features
37 1
39 3
41 1
fl=./elf/../sysdeps/x86/dl-isa-level.h
fn=_dl_load_cache_lookup
28 18
fl=./elf/../sysdeps/x86/dl-procinfo.h
fn=_dl_load_cache_lookup
39 6
42 21
fl=./elf/../sysdeps/x86/dl-prop.h
fn=_dl_map_object_from_fd
149 16
fn=_dl_process_pt_gnu_property
95 32
102 16
115 16
118 8
252 6
253 3
254 10
255 5
257 32
258 2
260 8
fn=dl_main
36 2
37 21
40 9
49 34
53 28
71 2
149 4
235 4
236 2
fl=./elf/../sysdeps/x86/get-isa-level.h
fn=_dl_hwcaps_subdirs_active
30 4
31 1
32 3
36 3
39 4
40 4
45 4
48 2
51 5
53 4
54 2
55 2
58 4
fn=update_active.constprop.0
28 1
30 4
31 1
32 3
36 3
38 1
39 2
40 4
45 4
47 1
48 2
51 5
53 4
54 2
55 2
57 1
58 4
fl=./elf/../sysdeps/x86_64/dl-cet.c
fn=_dl_cet_check
145 2
157 2
173 1
179 1
275 2
276 1
277 2
282 4
283 3
285 2
293 5
296 1
300 2
301 1
302 2
303 2
304 2
305 2
308 1
310 1
313 2
361 8
363 6
fn=_dl_cet_setup_features
331 1
334 2
350 1
fl=./elf/../sysdeps/x86_64/dl-hwcaps-subdirs.c
fn=_dl_hwcaps_subdirs_active
29 1
38 3
43 1
48 1
52 1
fl=./elf/../sysdeps/x86_64/dl-irel.h
fn=_dl_fixup
32 1
fl=./elf/../sysdeps/x86_64/dl-machine.h
fn=_dl_fixup
234 16
fn=_dl_relocate_object
81 24
87 4
91 3
97 1
108 3
129 2
132 2
134 4
267 324
274 324
278 324
287 1689
290 348
291 136
292 596
295 2
296 3
307 2
314 5
317 972
320 41
323 41
393 30
400 60
402 80
406 60
415 40
423 286
436 7
476 136
478 68
479 68
498 285
499 95
503 190
504 190
514 232
518 232
521 348
522 116
730 12
734 8
fn=_dl_start
55 1
278 9
287 27
290 6
291 12
317 8
323 2
fn=_dl_sysdep_start
220 1
fl=./elf/../sysdeps/x86_64/dl-runtime.h
fn=_dl_fixup
28 16
fl=./elf/../sysdeps/x86_64/dl-trampoline.h
fn=_dl_runtime_resolve_xsave
71 16
76 16
79 16
81 16
91 16
97 16
98 16
99 16
100 16
101 16
102 16
103 16
107 16
108 16
111 16
112 16
114 16
115 16
116 16
117 16
118 16
119 16
121 16
128 16
129 16
130 16
131 16
136 16
137 16
138 16
140 16
141 16
142 16
143 16
144 16
145 16
146 16
148 16
150 16
154 16
156 16
fl=./elf/./dl-find_object.h
fn=_dl_find_object_from_map
95 12
96 12
97 6
103 30
104 174
105 120
107 18
112 6
fl=./elf/./dl-hwcaps.h
fn=_dl_important_hwcaps
43 9
45 7
46 1
77 8
78 8
79 7
fl=./elf/./dl-load.h
fn=_dl_map_object_from_fd
91 32
92 12
93 15
94 12
96 12
fl=./elf/./dl-main.h
fn=dl_main
109 5
fl=./elf/./dl-map-segments.h
fn=_dl_map_object_from_fd
28 12
29 36
81 4
101 4
102 12
105 12
106 8
108 8
125 4
135 96
137 48
139 120
149 64
155 8
156 4
157 12
158 8
160 8
165 8
168 12
176 28
182 8
186 8
189 2
194 16
fl=./elf/./dl-sym-post.h
fn=lookup_malloc_symbol
41 8
53 12
fl=./elf/./dl-tunable-types.h
fn=__GI___tunable_set_val
84 5
fl=./elf/./elf/dl-audit.c
fn=_dl_audit_activity_map
29 7
30 1
31 3
37 6
fn=_dl_audit_activity_nsid
41 3
45 12
46 3
47 15
fn=_dl_audit_objclose
97 6
98 24
fn=_dl_audit_objopen
77 4
78 16
fn=_dl_audit_preinit
118 1
119 4
fl=./elf/./elf/dl-cache.c
fn=_dl_cache_libcmp
357 56
358 384
360 513
362 185
368 28
369 21
370 171
372 171
374 14
380 328
382 328
383 63
386 143
387 143
390 49
fn=_dl_load_cache_lookup
191 42
205 3
208 24
210 30
211 6
213 15
220 51
222 135
223 42
227 63
231 63
232 42
240 16
242 10
245 10
247 30
249 5
259 12
263 8
264 12
269 18
270 12
286 21
295 6
298 6
301 3
302 9
330 6
342 12
346 18
347 10
349 8
403 30
405 6
408 9
411 5
419 5
420 8
423 6
424 1
431 1
432 2
477 6
482 9
485 9
500 6
512 9
513 45
514 12
515 3
516 24
fn=_dl_unload_cache
525 3
526 4
528 2
529 1
533 1
535 2
fl=./elf/./elf/dl-call-libc-early-init.c
fn=_dl_call_libc_early_init
27 7
29 2
33 5
37 2
39 4
40 2
41 3
fl=./elf/./elf/dl-call_fini.c
fn=_dl_call_fini
24 48
28 12
32 6
34 6
35 12
38 8
39 12
42 44
43 7
47 6
48 12
49 12
50 32
fl=./elf/./elf/dl-catch.c
fn=_dl_catch_error
254 12
256 2
257 2
258 2
259 2
261 6
fn=_dl_catch_exception
58 24
59 16
69 16
70 40
204 64
207 16
214 8
228 8
229 16
235 48
237 24
239 32
248 24
fn=_dl_receive_error
58 2
59 1
69 2
70 2
186 7
188 1
192 1
194 1
197 1
198 4
fl=./elf/./elf/dl-debug.c
fn=_dl_debug_initialize
56 3
57 1
59 2
61 2
63 3
64 1
85 3
90 3
91 2
92 1
95 3
96 6
99 2
107 2
fn=_dl_debug_state
116 2
117 2
fn=_dl_debug_update
38 5
40 10
41 5
44 10
48 5
fl=./elf/./elf/dl-deps.c
fn=_dl_map_object_deps
128 3
129 5
130 6
132 3
136 8
143 13
144 20
160 9
161 1
164 1
182 1
183 6
184 1
188 13
190 22
193 6
197 18
198 39
201 16
205 8
208 20
210 16
215 4
216 4
217 8
218 8
219 4
221 508
222 240
228 68
230 7
232 28
233 14
242 7
244 14
249 28
252 4
253 4
254 4
255 8
256 4
257 4
259 16
263 21
264 12
266 339
417 12
419 20
422 8
423 16
429 4
430 20
431 20
434 4
435 8
439 18
441 6
442 27
448 5
449 1
452 4
463 5
465 4
470 5
471 1
472 2
474 22
478 6
483 12
485 18
490 6
494 2
495 3
532 2
533 2
547 9
552 9
553 5
557 1
559 2
560 1
561 3
568 3
571 2
574 8
fn=openaux
61 42
64 77
65 7
68 7
69 21
fl=./elf/./elf/dl-environ.c
fn=_dl_next_ld_env_entry
28 3
29 3
32 115
34 74
35 20
37 2
40 4
42 2
45 35
fl=./elf/./elf/dl-find_object.c
fn=_dl_find_object_init
561 5
564 1
566 2
567 3
579 2
580 3
582 2
585 2
590 1
591 1
594 3
596 2
599 6
601 1
604 4
fn=_dlfo_process_initial
474 8
475 2
477 2
478 4
504 24
505 30
506 12
508 44
511 40
513 30
515 10
516 10
517 20
529 2
531 8
fn=_dlfo_sort_mappings
536 1
537 2
540 20
544 8
545 50
546 50
548 4
549 4
553 16
554 20
555 8
557 1
fl=./elf/./elf/dl-fini.c
fn=_dl_fini
26 11
43 1
46 13
49 2
51 1
54 2
56 5
61 1
63 4
68 18
73 22
75 12
77 12
79 12
80 6
81 6
85 6
87 6
88 6
94 6
103 2
108 36
110 6
112 12
114 24
117 12
122 6
126 5
132 6
134 1
138 2
145 8
fl=./elf/./elf/dl-hwcaps.c
fn=_dl_important_hwcaps
52 16
54 2
55 4
56 2
57 2
77 16
80 16
84 2
86 6
87 2
88 2
100 5
102 3
105 1
108 1
112 5
125 12
127 10
128 4
129 4
130 2
133 3
142 13
143 11
145 8
151 5
155 4
156 3
157 3
161 1
162 2
163 2
172 14
174 2
175 3
185 2
186 3
189 3
193 2
194 2
201 1
202 5
208 2
209 1
213 3
216 9
fl=./elf/./elf/dl-hwcaps_split.c
fn=_dl_hwcaps_split
25 5
26 3
27 1
47 4
fn=_dl_hwcaps_split_masked
26 44
30 24
34 78
35 12
36 24
41 36
42 18
43 12
45 6
51 110
55 5
56 18
57 27
58 24
60 6
62 88
67 12
fl=./elf/./elf/dl-init.c
fn=_dl_init
29 14
35 35
37 36
81 13
82 1
83 1
86 3
89 2
94 4
119 1
120 28
121 12
127 8
fn=call_init.part.0
26 72
43 18
46 18
47 2
51 10
59 15
60 18
63 5
64 10
70 12
72 8
73 48
74 28
76 48
fl=./elf/./elf/dl-load.c
fn=_dl_dst_count
238 63
241 14
244 14
245 7
264 63
fn=_dl_init_paths
706 13
720 4
725 1
727 3
734 3
735 2
739 4
741 4
747 1
748 1
756 8
758 8
759 4
761 5
762 7
763 4
766 13
767 10
768 18
770 32
776 1
777 1
782 1
785 3
787 4
789 3
806 1
808 3
822 2
825 5
827 23
831 2
832 60
833 14
834 28
836 1
837 1
838 2
844 6
847 3
853 1
857 8
fn=_dl_map_object
682 30
696 15
1967 96
1969 4
1975 16
1976 32
1979 166
1984 210
1986 150
1990 52
1991 78
1994 65
1995 39
1996 65
2010 16
2011 12
2019 12
2034 4
2036 20
2040 12
2042 6
2049 12
2053 3
2054 3
2058 9
2059 3
2073 15
2074 21
2075 3
2084 6
2099 6
2100 48
2106 9
2107 3
2115 3
2129 6
2131 9
2135 9
2137 6
2141 6
2149 6
2172 27
2176 9
2177 3
2194 6
2200 1
2201 4
2202 2
2203 2
2207 9
2210 3
2222 16
2267 8
2268 70
2270 76
fn=_dl_map_object_from_fd
944 56
959 16
989 70
990 28
1008 8
1036 16
1046 8
1053 32
1054 8
1065 8
1066 12
1067 8
1069 12
1070 16
1071 6
1074 17
1075 6
1086 4
1088 4
1090 88
1091 4
1092 4
1093 4
1094 4
1100 168
1101 408
1107 8
1114 10
1115 12
1116 40
1121 2
1122 1
1127 124
1135 80
1136 104
1137 80
1138 16
1139 32
1141 112
1143 32
1156 32
1157 60
1162 16
1163 164
1176 6
1180 8
1181 2
1185 10
1186 4
1189 2
1194 8
1209 8
1210 4
1213 12
1218 28
1228 76
1229 32
1235 8
1245 16
1252 28
1264 4
1268 16
1269 12
1275 10
1276 8
1278 8
1288 12
1307 12
1309 24
1361 12
1362 4
1368 136
1369 224
1375 64
1380 16
1393 8
1395 16
1397 8
1413 8
1417 8
1418 8
1435 8
1436 1
1439 8
1444 8
1449 8
1461 32
1462 12
1463 27
1464 9
1465 5
1471 8
1472 8
1477 4
1484 12
1487 8
1491 12
1492 12
1510 8
1514 28
1515 16
1519 36
fn=_dl_process_pt_gnu_property
868 15
869 10
870 5
876 10
882 25
885 15
886 10
887 10
890 15
891 15
895 5
896 10
900 16
901 8
904 16
907 8
908 32
918 15
920 20
fn=expand_dynamic_string_token
241 6
244 4
385 20
399 4
410 14
fn=fillin_rpath.isra.0
468 17
472 1
474 12
481 2
483 6
487 2
492 3
493 2
500 5
505 2
509 15
510 8
528 4
532 4
534 2
538 1
539 2
540 4
541 1
543 2
549 4
550 14
551 4
553 2
554 3
555 1
561 2
562 1
565 3
571 1
574 8
fn=open_path
1812 33
1813 6
1816 3
1817 3
1819 6
1822 6
1824 66
1827 6
1831 3
1835 18
1842 18
1843 66
1846 18
1851 55
1854 10
1860 15
1863 40
1865 15
1867 6
1872 6
1873 21
1879 9
1881 24
1882 2
1884 3
1891 30
1893 10
1937 24
1941 3
1943 12
1946 9
1960 27
fn=open_verify.constprop.0
1572 108
1604 27
1609 10
1623 45
1625 18
1633 4
1634 12
1639 24
1641 8
1643 8
1645 8
1651 8
1668 58
1749 8
1754 8
1760 16
1766 8
1772 16
1773 16
1777 16
1778 5
1799 81
fl=./elf/./elf/dl-lookup-direct.c
fn=_dl_lookup_direct
32 15
33 9
35 6
36 6
48 9
51 6
53 21
57 9
58 21
59 15
74 39
76 6
78 21
79 6
81 12
84 25
86 12
93 6
115 3
116 27
fl=./elf/./elf/dl-lookup.c
fn=_dl_lookup_symbol_x
772 2041
774 314
775 628
778 157
782 598
785 314
787 314
791 2263
792 2669
797 785
799 78
816 157
817 39
820 314
821 992
828 196
856 576
870 432
871 2
873 288
890 576
892 1413
fn=check_match
70 2310
73 1232
78 20
86 750
89 786
93 150
94 300
96 296
115 296
116 1184
117 710
118 12
119 12
144 4
146 12
147 8
161 144
162 1232
fn=do_lookup_x
347 2198
348 157
353 157
354 157
358 1600
361 1600
365 1914
386 1600
390 1600
396 2400
400 800
401 800
404 4000
405 2400
408 800
409 1600
411 800
412 471
413 1600
415 1099
416 3200
419 5600
422 324
423 486
424 324
426 310
429 1625
431 462
432 3861
433 308
436 462
439 563
461 1152
470 88
476 288
483 1076
487 57
499 288
500 144
501 144
518 1968
521 13
522 1256
fl=./elf/./elf/dl-minimal-malloc.c
fn=__minimal_calloc
80 60
84 12
87 12
88 36
fn=__minimal_free
97 1
99 4
fn=__minimal_malloc
36 272
37 102
42 3
43 2
44 2
48 135
51 230
56 8
57 8
59 2
60 16
62 4
64 8
65 6
67 6
70 34
71 36
73 204
fl=./elf/./elf/dl-minimal.c
fn=__rtld_malloc_init_real
76 10
86 2
87 1
89 1
91 6
92 5
93 5
94 4
99 1
100 1
101 1
102 1
103 8
fn=__rtld_malloc_init_stubs
42 1
43 2
44 2
45 2
46 2
47 1
fn=lookup_malloc_symbol
61 36
63 4
64 28
68 28
69 28
71 4
72 24
fn=strsep
239 2
242 4
244 2
245 4
247 2
249 47
251 28
254 56
256 84
264 14
267 1
271 4
fl=./elf/./elf/dl-misc.c
fn=_dl_name_match_p
68 448
69 256
70 11
72 64
74 254
75 370
80 63
82 53
83 256
fn=_dl_sysdep_read_whole_file
36 11
39 3
40 2
42 6
44 2
47 2
49 8
60 3
63 8
fl=./elf/./elf/dl-object.c
fn=_dl_add_to_namespace_list
31 45
33 15
35 44
38 56
40 4
42 4
45 2
46 15
47 10
48 10
50 10
51 25
fn=_dl_new_object
59 75
62 10
64 2
66 3
67 2
71 6
77 2
80 8
83 21
87 8
92 4
95 10
98 5
99 5
100 10
103 10
104 35
106 5
119 23
123 4
125 1
127 35
130 10
131 10
132 5
136 5
139 38
141 20
149 10
150 5
153 1
155 30
157 16
160 12
164 16
168 28
176 1
179 10
189 20
191 16
195 12
199 8
200 8
208 4
212 4
245 16
250 134
251 134
255 8
256 4
259 4
263 45
fl=./elf/./elf/dl-reloc.c
fn=_dl_relocate_object
170 920
171 288
174 1515
175 84
177 7
178 28
182 274
183 137
184 137
186 1102
187 655
188 262
190 1042
193 137
194 959
196 7
207 77
208 14
220 12
221 18
224 24
226 18
228 6
229 18
251 30
252 12
253 3
255 12
262 18
301 10213
304 30
328 6
331 12
348 18
350 56
356 36
359 12
363 12
364 36
fl=./elf/./elf/dl-runtime.c
fn=_dl_fixup
46 176
48 80
49 48
54 16
55 64
56 112
58 32
63 32
67 32
69 16
71 48
75 48
76 64
77 48
84 16
85 48
87 1
88 1
95 176
99 80
100 4
109 160
124 64
125 2
133 48
159 48
163 128
fl=./elf/./elf/dl-setup_hash.c
fn=_dl_setup_hash
25 12
28 18
31 18
32 12
33 6
34 6
36 18
37 6
38 18
40 6
41 12
43 6
45 18
50 6
fl=./elf/./elf/dl-sort-maps.c
fn=_dl_sort_maps
140 60
181 2
182 4
183 46
184 24
211 34
216 4
218 2
219 10
221 38
223 12
226 36
244 8
263 8
276 8
283 2
298 26
306 6
310 18
fn=_dl_sort_maps_init
289 4
290 4
291 1
292 3
293 2
fn=dfs_traversal.part.0
135 108
140 44
143 12
145 36
147 124
156 42
171 36
172 12
173 72
fl=./elf/./elf/dl-tunables.c
fn=__GI___tunable_set_val
72 50
82 5
93 40
94 25
97 10
100 35
104 10
111 10
112 10
115 25
116 5
117 5
118 5
153 30
157 15
fn=__GI___tunables_init
42 190
45 37
48 3192
52 74
56 148
128 1
261 10
267 4
281 6068
283 2
287 10989
304 8
fn=__tunable_get_val
387 78
390 462
399 51
400 15
409 30
416 234
418 39
fl=./elf/./elf/dl-tunables.h
fn=__GI___tunable_set_val
141 10
142 10
151 5
fn=__GI___tunables_init
160 890
161 1845
fl=./elf/./elf/dl-version.c
fn=_dl_check_all_versions
392 7
394 1
396 23
397 6
398 54
401 7
fn=_dl_check_map_versions
36 110
37 27
38 177
56 108
64 81
70 81
86 27
87 54
89 27
94 973
108 838
110 27
113 216
120 1176
124 392
155 60
156 6
164 10
170 18
172 30
174 6
175 6
177 12
180 12
184 32
198 3
200 21
208 21
213 21
215 20
217 108
218 202
221 54
224 81
225 5
228 16
231 108
234 81
239 20
243 21
248 3
257 25
260 8
263 420
266 314
270 98
274 15
279 5
280 20
281 15
291 5
294 27
296 10
299 16
301 3
303 21
306 81
308 108
310 135
311 54
312 81
313 81
316 81
321 20
324 21
329 3
334 10
337 8
341 98
343 204
347 98
348 490
349 294
350 98
353 306
357 98
365 8
366 8
367 8
368 4
370 4
372 124
373 60
375 2
376 7
387 54
fl=./elf/./elf/do-rel.h
fn=_dl_relocate_object
49 36
50 36
51 6
53 60
72 6
73 7
80 36
83 356
85 464
96 6
97 2
114 33
123 310
124 190
126 33
129 36
131 943
133 1120
134 896
135 672
136 896
138 672
141 272
142 68
143 68
147 156
150 488
151 123
164 20
165 285
166 252
169 204
171 272
172 68
173 136
180 31
182 42
183 12
185 18
193 6
196 18
211 7
fn=_dl_start
49 6
50 4
51 1
53 10
56 4
61 13
63 9
64 6
65 3
fl=./elf/./elf/get-dynamic-info.h
fn=_dl_map_object_from_fd
39 8
43 4
45 448
49 218
51 60
52 30
53 6
54 100
55 84
56 20
59 16
62 16
64 16
68 109
72 16
84 14
85 16
86 16
87 16
88 14
89 15
90 15
91 16
103 32
110 13
115 6
122 6
123 12
129 12
130 6
147 12
152 6
154 6
156 6
158 6
159 4
162 12
164 9
165 6
174 6
175 9
180 6
181 6
184 8
fl=./elf/./elf/libc_early_init.c
fn=__libc_early_init
33 9
35 1
38 2
41 2
47 4
49 2
fl=./elf/./elf/rtld.c
fn=_dl_start
85 8
458 2
476 3
477 1
478 2
488 1
494 4
496 2
517 16
543 1
546 2
547 4
563 190
565 1
578 1
585 9
fn=dl_main
85 17
92 12
93 2
101 9
197 2
199 1
224 3
225 5
226 4
296 3
302 1
303 1
837 1
839 1
848 1
850 1
855 1
1115 1
1116 1
1118 1
1122 3
1124 1
1125 1
1140 1
1143 46
1144 117
1148 3
1153 3
1154 9
1163 2
1164 2
1166 1
1173 3
1191 2
1199 8
1200 17
1201 8
1202 1
1204 12
1205 14
1209 8
1210 8
1211 4
1215 12
1243 2
1247 3
1253 28
1254 61
1260 17
1266 4
1269 3
1271 3
1346 13
1351 1
1352 1
1357 1
1373 3
1374 4
1637 10
1639 2
1640 3
1641 2
1642 3
1646 2
1647 2
1672 3
1673 5
1674 3
1675 3
1678 1
1680 1
1681 1
1683 2
1684 2
1688 2
1690 2
1698 4
1705 2
1708 2
1733 4
1735 1
1740 2
1743 4
1744 4
1745 3
1746 1
1747 1
1748 1
1759 2
1760 2
1762 2
1764 1
1765 3
1770 5
1771 5
1773 3
1779 2
1788 2
1792 1
1793 2
1817 2
1823 1
1824 1
1825 1
1829 3
1834 3
1836 1
1838 2
1842 5
1847 2
1863 6
1939 4
1943 19
1944 1
1947 3
1948 1
1949 2
1950 2
1955 3
1965 9
1971 27
1972 16
1975 3
1976 2
1977 1
1979 22
1980 10
1984 2
1990 1
1992 3
1993 2
1995 2
1997 3
1999 3
2000 1
2001 2
2013 2
2014 2
2015 3
2026 5
2027 4
2028 5
2038 2
2039 2
2040 4
2042 2
2047 3
2246 3
2250 3
2256 2
2259 2
2267 2
2279 3
2282 3
2284 3
2285 6
2292 2
2293 27
2295 12
2300 12
2302 14
2304 1
2305 1
2308 6
2310 12
2311 40
2315 16
2316 6
2325 2
2329 4
2331 1
2338 4
2341 2
2345 3
2347 2
2357 1
2362 3
2365 1
2371 1
2372 5
2380 3
2387 1
2390 3
2394 3
2395 1
2396 1
2397 1
2401 1
2406 8
2538 1
2598 1
2600 2
2602 15
2604 2
2606 107
2607 19
2615 13
2640 2
2650 4
2652 2
2653 1
2687 5
2689 2
2690 2
2691 1
2727 5
2749 3
fn=handle_preload_list
183 3
806 1
810 2
811 2
812 1
814 1
816 6
817 3
825 3
869 13
870 3
874 5
877 4
878 3
880 4
881 2
887 1
889 2
891 2
892 1
895 9
fn=init_tls
734 4
736 2
740 3
746 2
749 1
750 1
751 1
755 1
757 1
761 2
762 2
763 16
764 6
765 12
769 6
771 2
773 3
776 2
779 1
786 2
787 2
793 2
797 1
800 5
fn=map_doit
641 6
643 4
644 6
646 3
fn=version_check_doit
674 6
676 6
680 3
fl=./elf/./get-dynamic-info.h
fn=_dl_start
45 75
49 36
51 10
52 5
54 20
55 16
56 5
59 4
62 4
64 4
68 18
72 3
84 4
85 3
86 4
87 4
88 5
89 3
90 4
91 4
103 10
110 3
123 3
129 3
130 3
133 2
134 3
139 5
142 5
fn=dl_main
39 4
43 1
45 115
49 56
51 12
52 6
54 25
55 21
56 5
59 4
62 4
64 4
68 28
72 7
84 3
85 5
86 5
87 5
88 4
89 5
90 5
91 5
103 9
110 3
115 2
122 3
123 4
129 3
147 4
152 2
154 2
156 2
158 2
159 2
162 4
164 3
165 2
174 2
175 3
180 2
181 3
184 3
fl=./elf/./setup-vdso.h
fn=dl_main
24 2
fl=./io/../sysdeps/unix/sysv/linux/access.c
fn=access
25 1
27 7
31 1
fl=./io/../sysdeps/unix/sysv/linux/close_nocancel.c
fn=__GI___close_nocancel
25 5
26 20
27 5
fn=__close_nocancel
25 1
26 4
27 1
fl=./io/../sysdeps/unix/sysv/linux/fstat64.c
fn=fstat
30 6
39 24
72 6
fl=./io/../sysdeps/unix/sysv/linux/fstatat64.c
fn=fstatat
91 6
146 6
160 4
161 11
162 1
fl=./io/../sysdeps/unix/sysv/linux/open64_nocancel.c
fn=__open_nocancel
28 48
31 77
39 92
41 25
fl=./io/../sysdeps/unix/sysv/linux/pread64_nocancel.c
fn=__pread64_nocancel
25 4
26 8
27 2
fl=./io/../sysdeps/unix/sysv/linux/read_nocancel.c
fn=__read_nocancel
25 5
26 20
27 5
fl=./io/../sysdeps/unix/sysv/linux/stat64.c
fn=stat
28 6
29 12
fl=./io/../sysdeps/unix/sysv/linux/write.c
fn=write
25 15
26 36
27 5
fl=./libio/../include/printf_buffer.h
fn=__vsnprintf_internal
124 3
127 1
128 1
137 2
fl=./libio/../include/sys/sysmacros.h
fn=_IO_file_doallocate
47 6
fl=./libio/./libio/filedoalloc.c
fn=_IO_file_doallocate
78 11
84 9
86 4
89 2
91 2
94 2
97 4
101 3
102 2
104 4
105 1
106 9
fl=./libio/./libio/fileops.c
fn=_IO_do_write@@GLIBC_2.2.5
424 37
426 24
427 25
434 6
441 12
444 3
449 15
450 15
452 9
453 6
454 3
455 6
456 12
fn=_IO_file_overflow@@GLIBC_2.2.5
732 336
733 168
740 208
743 2
745 2
746 6
755 3
764 3
765 1
766 1
767 1
768 1
769 3
771 3
772 5
773 2
775 84
776 6
777 44
778 78
781 117
782 117
783 156
784 4
785 3
787 39
788 249
fn=_IO_file_setbuf@@GLIBC_2.2.5
382 6
383 3
386 1
388 3
390 2
391 3
fn=_IO_file_stat
1147 1
1148 2
fn=_IO_file_sync@@GLIBC_2.2.5
793 7
798 4
800 1
801 2
812 2
816 5
fn=_IO_file_write@@GLIBC_2.2.5
1174 24
1175 6
1176 18
1180 9
1181 9
1182 6
1187 3
1188 3
1190 9
1191 9
1194 18
fn=_IO_file_xsputn@@GLIBC_2.2.5
444 4
446 4
1198 27
1200 1
1204 12
1205 3
1211 12
1213 10
1214 4
1217 6
1219 6
1221 2
1228 3
1232 6
1234 4
1236 10
1237 2
1238 6
1240 4
1244 18
1250 6
1251 15
1253 9
1264 6
1265 4
1267 3
1268 27
fl=./libio/./libio/genops.c
fn=_IO_cleanup
776 6
777 17
780 12
784 3
785 54
792 9
794 6
796 4
798 2
800 3
801 1
805 5
807 3
814 3
816 34
817 3
821 9
822 2
842 12
843 2
855 12
fn=_IO_default_setbuf
330 5
332 1
333 1
337 2
452 10
453 5
455 4
457 3
458 2
462 1
466 4
467 1
468 6
fn=_IO_default_xsputn
371 11
373 2
374 4
375 1
379 156
399 382
401 38
404 8
fn=_IO_doallocbuf
343 8
344 2
346 3
347 5
350 6
fn=_IO_enable_locks
518 1
521 3
523 1
524 9
525 3
526 1
1044 1
1058 3
fn=_IO_flush_all
686 12
687 1
691 6
692 14
695 12
697 3
698 51
700 21
708 36
709 3
713 9
714 2
718 12
fn=_IO_setb
329 11
330 4
332 1
333 1
335 6
338 6
fn=__overflow
199 5
201 3
203 3
204 2
fl=./libio/./libio/ioputs.c
fn=puts
33 11
35 2
36 14
39 4
40 6
41 8
42 4
46 8
fl=./libio/./libio/libioP.h
fn=_IO_cleanup
1025 3
1026 2
fn=_IO_default_setbuf
1025 3
1026 2
fn=_IO_default_xsputn
1025 77
1026 76
fn=_IO_do_write@@GLIBC_2.2.5
1025 9
1026 6
fn=_IO_doallocbuf
1025 3
1026 2
fn=_IO_file_doallocate
1025 3
1026 2
fn=_IO_file_xsputn@@GLIBC_2.2.5
1025 9
1026 6
fn=_IO_flush_all
1025 2
fn=__overflow
1025 3
1026 2
fn=puts
979 2
980 8
1025 3
1026 2
fl=./libio/./libio/vsnprintf.c
fn=__vsnprintf_internal
63 2
66 1
75 3
76 1
87 2
93 13
96 3
98 6
fl=./libio/./libio/vtables.c
fn=check_stdfiles_vtables
545 1
546 4
547 3
548 3
550 1
fl=./malloc/../string/bits/string_fortified.h
fn=calloc
59 6
fn=tcache_init.part.0
59 88
fl=./malloc/../sysdeps/unix/sysv/linux/not-cancel.h
fn=ptmalloc_init.part.0
97 6
fl=./malloc/./malloc/arena.c
fn=_mid_memalign.isra.0
153 2
fn=calloc
153 4
fn=free
153 543972
fn=malloc
153 363320
264 1
fn=ptmalloc_init.part.0
262 8
267 1
292 2
296 3
300 4
301 4
302 4
303 4
304 4
305 4
306 4
308 4
309 4
310 4
313 4
314 4
316 2
326 8
fl=./malloc/./malloc/malloc.c
fn=_int_free
1792 180963
1992 4743
3163 1906
3165 3812
3166 953
3167 1906
4495 1273412
4499 545748
4505 727664
4506 363832
4510 909580
4517 363832
4518 1091496
4521 5330
4527 15990
4547 26650
4550 953
4561 361926
4572 6324
4574 4743
4593 1581
4595 1581
4596 1581
4597 4743
4600 4743
4602 3162
4616 3162
4619 6324
4621 6324
4622 3162
4628 6324
4637 358764
4640 358764
4643 358764
4644 715160
4646 358764
4649 715160
4658 1090904
fn=_int_free_maybe_consolidate
4770 1973224
4776 358768
4778 654856
4779 4
4781 491142
4784 818570
4785 236445
4798 1784068
fn=_int_free_merge_chunk
1992 538149
4665 1435064
4666 179383
4670 1076298
4673 358766
4678 538149
4681 358766
4682 358766
4683 358766
4689 358766
4691 177262
4692 177262
4693 177262
4694 709048
4696 354524
4701 538149
4702 1255681
4714 358766
4720 358740
4721 1980
4722 1980
4724 178380
4732 179370
4733 717480
4734 358740
4736 179370
4738 358740
4740 532533
4743 179370
4744 179370
4746 538110
4747 179370
4756 13
4757 39
4758 26
fn=_int_malloc
1326 359162
1345 1077486
1794 179581
1985 4500
2008 252
2017 2
2552 3942
2553 654
2564 1314
2565 9
2568 12
2576 18
2577 6
2589 2616
2590 1308
2599 7840
2605 1959
2608 1962
2669 1962
2677 1308
2678 189
2691 1962
2693 654
2699 3270
2707 1308
2709 2616
2710 1962
2711 62
2712 654
2715 1308
2727 1776
2728 592
2732 4144
2734 1184
2738 1184
2742 1184
2744 1614
2745 1
2746 1900
2752 1088
2753 366
2755 1188
2782 594
2783 1
2795 3
2814 2
2817 2
2818 6
2820 1
2821 6
2833 5
2847 1184
2866 1184
2873 593
2875 593
2876 2965
2877 593
2888 1779
2895 1184
2896 1776
2904 592
2906 592
2911 1184
2913 2960
2921 1962
2922 654
2926 654
2930 3270
2932 654
2933 654
2934 654
2935 4578
2936 1308
2938 654
3159 242
3163 1966
3165 5172
3166 1186
3167 3526
3168 242
3178 82
3182 164
3186 328
3190 164
3191 164
3199 82
3846 1975391
3882 1
3887 359162
3914 359162
3916 2956
3917 132
3919 739
3921 1478
3923 264
3926 264
3929 2376
3930 1821
3932 264
3933 264
3939 264
3940 792
3945 1176
3946 4296
3948 1560
3950 2340
3954 13512
3977 357684
3979 18176
3980 6780
3982 10170
3984 57
3985 114
3987 57
3988 57
3989 57
3991 171
3997 114
3998 342
4003 648
4004 340
4006 242
4008 121
4009 121
4010 242
4012 121
4013 121
4020 57
4039 974228
4040 528177
4041 72
4058 538174
4059 538176
4060 538176
4069 8750
4070 907351
4072 5112
4073 10224
4074 5112
4076 10224
4077 15336
4079 5112
4080 20448
4082 20448
4084 10224
4085 10224
4087 10224
4098 20448
4099 6436
4100 6384
4101 3192
4104 2496
4105 2496
4106 2496
4107 7488
4108 7488
4109 4992
4111 1104
4115 19968
4117 7488
4118 2496
4121 2658
4122 7488
4123 2496
4127 2616
4128 2616
4132 5232
4134 324
4135 486
4140 324
4141 492
4161 6006
4163 1754
4164 3508
4165 877
4169 18197
4170 3687
4171 1577
4174 3154
4177 1044
4179 4176
4180 2088
4186 88
4187 22
4188 66
4192 3066
4193 2296
4195 126
4196 378
4199 1022
4202 2014
4205 60
4206 15
4207 30
4209 15
4210 45
4212 1022
4213 2044
4218 2132
4221 17178
4222 2454
4223 2454
4224 2454
4225 2454
4230 4908
4231 4908
4240 9816
4246 3434
4248 82
4257 530202
4259 703916
4262 527937
4263 176734
4330 176734
4331 353468
4332 353468
4333 353468
4334 1060404
4339 708481
4343 530092
4346 4092
4348 2064
4349 1032
4353 30078
4355 13243
4357 26486
4361 1796
4364 3592
4366 2825
4367 565
4368 565
4373 4924
4376 2462
4378 3693
4381 3693
4384 4924
4386 4
4387 12
4394 1227
4399 4908
4400 2454
4403 1227
4404 1227
4405 1227
4408 2454
4409 748
4410 2454
4412 1908
4415 9816
4417 3681
4418 1227
4421 1231
4443 175503
4444 351006
4446 351006
4449 526509
4451 174846
4452 349692
4453 174846
4454 1398768
4456 349692
4459 349692
4460 526509
4461 175503
4466 2628
4482 660
4487 2154972
fn=_int_memalign
1326 2
1345 8
4714 2
4720 2
4721 1
4722 2
4732 1
4733 4
4734 2
4736 1
4738 2
4743 1
4744 1
4746 3
4747 1
5039 8
5069 4
5071 3
5074 1
5076 4
5083 5
5085 4
5090 4
5093 2
5101 10
5103 1
5104 5
5105 2
5106 1
5108 9
5113 3
5115 2
5116 1
5117 2
5118 2
5120 1
5121 2
5122 1
5123 1
5129 1
5130 3
5134 3
5140 1
5141 9
fn=_mid_memalign.isra.0
1326 2
1345 5
3575 7
3581 2
3585 2
3590 3
3598 3
3615 3
3617 2
3638 2
3640 5
3641 5
3643 2
3662 6
fn=alloc_perturb
1985 533997
1987 177999
fn=calloc
3699 18
3709 18
3717 4
3720 6
3722 4
3725 8
3732 2
3733 5
3740 3
3754 6
3756 20
3759 5
3769 4
3784 3
3787 4
3796 6
3799 10
3807 2
3809 4
3811 4
3837 14
fn=free
3359 1269289
3363 362654
3371 362654
3373 181327
3375 543981
3379 9
3381 12
3383 4
3384 4
3385 2
3388 6
3392 543972
3398 543972
3401 181327
3402 1087962
fn=malloc
1326 362806
1345 907015
3178 3652
3182 3652
3186 7304
3190 3652
3191 1826
3248 4
3294 1451224
3301 362806
3311 362806
3313 725612
3316 362806
3317 4
3318 16038
3326 359154
3328 701644
3329 877055
3334 33328
3336 12498
3339 8332
3347 16664
3351 20830
3354 1088418
fn=malloc_consolidate
4811 234
4826 26
4828 52
4839 26
4841 520
4842 520
4845 1338
4849 2007
4850 2676
4855 3345
4858 1338
4859 669
4860 2007
4862 1338
4863 328
4864 328
4865 328
4866 1312
4868 3936
4871 1338
4874 1338
4875 495
4876 3960
4878 348
4880 669
4881 1338
4882 1338
4884 1338
4885 740
4889 2007
4891 669
4892 1659
4901 1981
4904 780
4905 208
fn=memalign
3543 1
3544 2
3548 1
fn=munmap_chunk
3024 6
3025 6
3026 9
3028 6
3030 3
3031 9
3032 3
3038 12
3039 15
3042 3
3043 9
3048 6
3049 3
fn=ptmalloc_init.part.0
1946 385
1949 381
1957 1
1958 1
1960 1
3143 2
fn=realloc
3407 11
3413 2
3417 2
3424 2
3425 2
3538 7
fn=sysmalloc_mmap.isra.0
2008 12
2400 18
2413 9
2418 6
2421 30
2424 6
2428 6
2432 12
2448 9
2466 3
2467 9
2471 9
2472 15
2475 9
2476 15
2481 21
fn=sysmalloc_mmap_fallback.constprop.0
2008 2368
2490 6512
2494 592
2497 1776
2498 5
2501 1184
2502 1184
2505 1184
2506 592
2508 5328
2511 1184
2515 1184
2519 2368
2524 592
2526 592
2528 5328
fn=systrim.constprop.0
2957 283734
2966 141867
2968 47289
2969 94578
2970 47289
2974 141867
2975 47289
2978 236445
2980 94578
2987 141867
2988 189156
3020 283734
fn=tcache_init.part.0
3242 4
3251 8
3252 3
3253 2
3261 4
3270 2
3274 3
fn=unlink_chunk.isra.0
1608 360614
1610 901535
1613 360627
1614 360614
1616 721228
1619 180307
1620 180307
1621 893666
1623 1172
1624 1758
1627 1172
1629 40
1630 13
1633 28
1635 7
1636 14
1641 566
1642 566
1645 360614
fl=./malloc/./malloc/morecore.c
fn=__glibc_morecore
25 143832
26 95888
27 592
29 47944
30 95888
34 95888
fl=./malloc/./malloc/scratch_buffer_set_array_size.c
fn=__libc_scratch_buffer_set_array_size
30 52
34 4
35 8
45 8
46 4
63 24
fl=./math/../sysdeps/ieee754/dbl-64/e_exp.c
fn=__ieee754_exp_fma
88 7200
98 3600
104 3600
105 10800
135 14400
137 3600
139 7200
141 10800
142 7200
145 3600
148 3600
151 28800
152 7200
157 7200
fl=./math/../sysdeps/ieee754/dbl-64/e_sqrt.c
fn=__sqrt_finite@GLIBC_2.15
52 95760
54 95760
146 95760
fl=./math/../sysdeps/ieee754/dbl-64/math_config.h
fn=__ieee754_exp_fma
85 7200
97 3600
fl=./math/../sysdeps/ieee754/dbl-64/s_expm1.c
fn=__expm1_fma
140 737280
145 184320
146 368640
151 368640
154 368640
181 368640
183 65286
185 65276
191 163190
196 40
197 10
198 10
199 5
201 32643
202 97929
204 455031
211 151677
214 184320
215 184320
216 737280
217 552960
218 368640
219 368640
220 184320
221 737280
222 368640
223 455031
226 65286
227 32643
228 65286
229 97914
230 10
237 15
240 5
242 50
243 15
fl=./math/../sysdeps/ieee754/dbl-64/s_tanh.c
fn=tanh
51 1474560
57 368640
60 368640
69 368640
71 368640
72 184320
73 368640
75 184320
78 368640
85 552960
86 921600
94 461015
95 737280
fl=./math/../sysdeps/x86_64/fpu/multiarch/e_asin.c
fn=__acos_finite@GLIBC_2.15
35 1
fn=__asin_finite@GLIBC_2.15
27 2
fl=./math/../sysdeps/x86_64/fpu/multiarch/e_atan2.c
fn=__atan2_finite@GLIBC_2.15
26 2
fl=./math/../sysdeps/x86_64/fpu/multiarch/e_exp.c
fn=__exp_finite@GLIBC_2.15
27 2
fl=./math/../sysdeps/x86_64/fpu/multiarch/e_exp2f.c
fn=exp2f@@GLIBC_2.27
27 2
fl=./math/../sysdeps/x86_64/fpu/multiarch/e_expf.c
fn=expf@@GLIBC_2.27
27 2
fl=./math/../sysdeps/x86_64/fpu/multiarch/e_log.c
fn=__log_finite@GLIBC_2.15
27 2
fl=./math/../sysdeps/x86_64/fpu/multiarch/e_log2.c
fn=log2@@GLIBC_2.29
27 2
fl=./math/../sysdeps/x86_64/fpu/multiarch/e_log2f.c
fn=log2f@@GLIBC_2.27
27 2
fl=./math/../sysdeps/x86_64/fpu/multiarch/e_logf.c
fn=logf@@GLIBC_2.27
27 2
fl=./math/../sysdeps/x86_64/fpu/multiarch/e_pow.c
fn=__pow_finite@GLIBC_2.15
27 2
fl=./math/../sysdeps/x86_64/fpu/multiarch/e_powf.c
fn=powf@@GLIBC_2.27
30 1
fl=./math/../sysdeps/x86_64/fpu/multiarch/ifunc-avx-fma4.h
fn=__atan2_finite@GLIBC_2.15
32 5
33 2
fn=__exp_finite@GLIBC_2.15
32 5
33 2
fn=__log_finite@GLIBC_2.15
32 5
33 2
fn=cos
32 5
33 2
fn=sin
32 5
33 2
fl=./math/../sysdeps/x86_64/fpu/multiarch/ifunc-fma.h
fn=__log1p
29 4
30 3
fn=cosf
29 4
30 3
fn=exp2f@@GLIBC_2.27
29 4
30 3
fn=expf@@GLIBC_2.27
29 4
30 3
fn=expm1
29 4
30 3
fn=log2@@GLIBC_2.29
29 4
30 3
fn=log2f@@GLIBC_2.27
29 4
30 3
fn=logf@@GLIBC_2.27
29 4
30 3
fn=powf@@GLIBC_2.27
29 4
30 4
fn=sincosf
29 4
30 3
fn=sinf
29 4
30 3
fl=./math/../sysdeps/x86_64/fpu/multiarch/ifunc-fma4.h
fn=__acos_finite@GLIBC_2.15
31 4
32 2
35 1
fn=__asin_finite@GLIBC_2.15
31 4
32 2
fn=__pow_finite@GLIBC_2.15
31 4
32 2
fn=sincos
31 4
32 2
fl=./math/../sysdeps/x86_64/fpu/multiarch/s_cosf.c
fn=cosf
26 2
fl=./math/../sysdeps/x86_64/fpu/multiarch/s_expm1.c
fn=expm1
26 2
fl=./math/../sysdeps/x86_64/fpu/multiarch/s_fma.c
fn=fma
49 6
fl=./math/../sysdeps/x86_64/fpu/multiarch/s_log1p.c
fn=__log1p
26 2
fl=./math/../sysdeps/x86_64/fpu/multiarch/s_sin.c
fn=cos
34 2
fn=sin
27 2
fl=./math/../sysdeps/x86_64/fpu/multiarch/s_sincos.c
fn=sincos
26 2
fl=./math/../sysdeps/x86_64/fpu/multiarch/s_sincosf.c
fn=sincosf
26 2
fl=./math/../sysdeps/x86_64/fpu/multiarch/s_sinf.c
fn=sinf
26 2
fl=./math/./math/w_sqrt_compat.c
fn=sqrt
34 95760
35 287280
38 95760
fl=./math/./w_exp_template.c
fn=exp@@GLIBC_2.29
31 21600
32 3600
33 36000
37 10800
fl=./misc/../sysdeps/unix/syscall-template.S
fn=mprotect
117 35
122 7
fn=munmap
117 20
122 4
fl=./misc/../sysdeps/unix/sysv/linux/brk.c
fn=brk
36 655
37 1310
38 1310
40 1184
41 1184
44 63
45 63
fl=./misc/../sysdeps/unix/sysv/linux/brk_call.h
fn=brk
24 1310
fl=./misc/../sysdeps/unix/sysv/linux/clone-internal.c
fn=__clone_internal
53 2
62 2
64 8
80 3
82 4
83 4
86 1
97 12
99 2
106 1
109 2
110 8
fl=./misc/../sysdeps/unix/sysv/linux/getpagesize.c
fn=getpagesize
27 2
28 8
30 2
fl=./misc/../sysdeps/unix/sysv/linux/getsysstats.c
fn=get_nprocs_conf
230 3
231 2
232 2
237 2
fn=read_sysfs_file
72 6
73 2
76 1
78 4
79 2
102 1
103 2
105 2
139 12
148 3
150 3
151 2
158 5
159 3
166 2
168 1
169 4
170 3
177 3
178 3
180 1
181 5
184 2
190 12
fl=./misc/../sysdeps/unix/sysv/linux/mmap64.c
fn=mmap
47 4312
50 1232
53 4255
58 3696
60 2464
fl=./misc/../sysdeps/unix/sysv/linux/not-cancel.h
fn=read_sysfs_file
75 2
76 1
fl=./misc/../sysdeps/unix/sysv/linux/setvmaname.c
fn=__set_vma_name
33 4183
35 2987
40 14
47 2
48 1
49 5373
fl=./misc/../sysdeps/unix/sysv/linux/x86_64/clone.S
fn=clone
52 1
54 1
55 1
56 1
59 1
60 1
63 1
65 1
69 1
72 1
73 1
74 1
75 1
76 1
81 1
83 2
84 2
85 2
87 1
95 1
98 1
99 1
100 1
fl=./misc/../sysdeps/unix/sysv/linux/x86_64/clone3.S
fn=clone3
42 1
44 1
45 1
46 1
47 1
48 1
52 1
55 1
60 1
62 1
63 1
86 5
fl=./misc/./misc/init-misc.c
fn=__init_misc
30 5
31 6
33 3
37 5
38 3
40 4
fl=./misc/./misc/sbrk.c
fn=sbrk
37 383552
40 95888
43 95888
50 592
58 95888
59 4
62 95888
63 2
66 2616
74 1962
78 335608
fl=./nptl/../include/list.h
fn=__nptl_stack_list_add
43 5
45 1
47 1
fl=./nptl/../nptl/descr.h
fn=__pthread_enable_asynccancel
439 4
fl=./nptl/../string/bits/string_fortified.h
fn=pthread_attr_init@@GLIBC_2.2.5
59 5
fn=pthread_getaffinity_np@@GLIBC_2.32
59 2
fl=./nptl/../sysdeps/unix/sysv/linux/internal-signals.h
fn=pthread_create@@GLIBC_2.34
81 7
89 6
fn=start_thread
89 5
fl=./nptl/../sysdeps/unix/sysv/linux/internal-sigset.h
fn=pthread_create@@GLIBC_2.34
34 1
102 1
103 1
fl=./nptl/../sysdeps/unix/sysv/linux/rseq-internal.h
fn=start_thread
32 2
40 1
fl=./nptl/../sysdeps/unix/sysv/linux/sigsetops.h
fn=pthread_create@@GLIBC_2.34
54 1
104 2
fl=./nptl/../sysdeps/unix/sysv/linux/x86/elision-conf.c
fn=__lll_elision_init
92 8
96 5
98 4
100 4
102 4
104 4
107 3
108 1
109 6
fl=./nptl/../sysdeps/x86/nptl/tls-setup.h
fn=pthread_create@@GLIBC_2.34
22 2
fl=./nptl/./nptl-stack.h
fn=pthread_create@@GLIBC_2.34
61 10
fl=./nptl/./nptl/alloca_cutoff.c
fn=__libc_alloca_cutoff
27 1
28 9
35 1
fl=./nptl/./nptl/allocatestack.c
fn=name_stack_maps
587 6
589 5
593 2
595 2
599 1
600 2
601 3
603 10
605 9
fn=pthread_create@@GLIBC_2.34
66 4
74 4
99 4
166 3
170 7
219 4
223 3
228 3
232 3
233 1
234 4
238 2
328 2
329 6
333 3
343 6
347 6
351 2
352 3
353 1
366 14
369 4
374 4
380 2
385 2
386 1
395 2
407 2
408 2
411 2
416 2
419 1
426 1
429 6
442 4
445 7
447 6
454 5
477 3
506 5
532 1
537 1
542 1
545 1
547 4
558 4
563 2
fl=./nptl/./nptl/cancellation.c
fn=__pthread_disable_asynccancel
63 2
66 6
71 6
74 4
76 6
83 6
fn=__pthread_enable_asynccancel
31 2
32 2
33 4
37 4
39 4
42 8
45 4
56 4
fl=./nptl/./nptl/libc-cleanup.c
fn=__libc_cleanup_pop_restore
54 4
55 4
57 8
59 4
60 12
71 4
fn=__libc_cleanup_push_defer
24 4
25 4
27 8
29 8
32 8
46 12
48 4
49 4
fl=./nptl/./nptl/nptl-stack.c
fn=__nptl_stack_list_add
43 1
44 4
52 1
53 1
fl=./nptl/./nptl/pthread_attr_init.c
fn=pthread_attr_init@@GLIBC_2.2.5
32 6
46 3
49 4
fl=./nptl/./nptl/pthread_create.c
fn=create_thread
236 12
240 5
244 2
247 2
248 2
287 11
290 1
297 4
298 2
303 1
309 2
321 2
332 1
333 11
fn=pthread_create@@GLIBC_2.34
81 2
82 1
83 4
90 6
609 4
626 16
632 2
635 1
638 4
641 1
643 1
644 1
645 4
663 1
674 1
677 1
683 2
684 2
685 1
688 1
689 4
690 3
694 1
695 4
700 4
703 4
708 2
709 2
713 2
718 2
730 2
731 2
751 2
752 3
755 3
757 1
767 1
772 2
780 3
791 2
836 7
843 2
883 2
893 2
897 2
901 13
fn=start_thread
338 11
345 2
367 4
370 1
373 3
377 1
388 5
405 4
419 2
423 6
426 2
429 2
431 2
433 1
437 2
447 3
fl=./nptl/./nptl/pthread_getaffinity.c
fn=pthread_getaffinity_np@@GLIBC_2.32
30 5
33 6
35 2
39 4
41 1
42 2
fl=./nptl/./nptl/pthread_key_create.c
fn=pthread_key_create@@GLIBC_2.34
25 2
27 10
29 3
31 12
33 6
37 6
40 2
43 4
fl=./nptl/./nptl/pthread_key_delete.c
fn=pthread_key_delete@@GLIBC_2.34
25 2
28 4
30 10
32 4
33 8
36 2
40 2
fl=./nptl/./nptl/pthread_mutex_conf.c
fn=__pthread_tunables_init
55 8
56 5
58 4
60 4
62 6
fl=./nptl/./nptl/pthread_mutex_lock.c
fn=pthread_mutex_lock@@GLIBC_2.2.5
44 2
45 8
48 8
77 10
80 6
82 2
84 4
88 4
97 4
108 8
112 2
115 4
124 2
130 6
131 4
179 2
182 2
184 2
187 2
190 6
fl=./nptl/./nptl/pthread_mutex_unlock.c
fn=pthread_mutex_unlock@@GLIBC_2.2.5
39 2
40 8
43 8
51 6
52 4
57 4
62 2
65 2
70 2
72 2
74 4
80 8
84 6
87 4
367 8
369 4
fl=./nptl/./nptl/pthread_self.c
fn=pthread_self
23 1
25 2
fl=./nptl/./nptl/pthread_setspecific.c
fn=pthread_setspecific@@GLIBC_2.34
25 8
32 1
36 2
39 8
41 1
43 3
46 2
66 1
81 1
86 2
87 1
90 7
fl=./posix/../malloc/dynarray-skeleton.c
fn=__unregister_atfork
243 4
fl=./posix/../sysdeps/posix/sysconf.c
fn=sysconf
60 11
630 3
fl=./posix/../sysdeps/unix/sysv/linux/_exit.c
fn=_Exit
27 2
30 4
fl=./posix/../sysdeps/unix/sysv/linux/x86/../sysconf.c
fn=sysconf
49 10
fl=./posix/../sysdeps/unix/sysv/linux/x86/sysconf.c
fn=sysconf
32 12
33 3
37 10
fl=./posix/./posix/register-atfork.c
fn=__unregister_atfork
71 8
82 24
83 16
109 16
110 12
fl=./posix/./posix/sched_cpucount.c
fn=__sched_cpucount
27 2
28 10
29 2
35 1
36 1
37 9
38 3
40 2
fl=./resource/../sysdeps/unix/sysv/linux/getrlimit64.c
fn=getrlimit
38 2
39 7
40 1
fl=./setjmp/../sysdeps/x86_64/bsd-_setjmp.S
fn=_setjmp
28 2
30 2
32 2
fl=./setjmp/../sysdeps/x86_64/setjmp.S
fn=__sigsetjmp
31 10
33 10
42 10
43 20
44 10
48 10
49 10
50 10
51 10
52 10
54 20
56 10
57 10
58 10
60 20
62 10
67 2
68 2
70 8
73 8
74 8
81 8
82 8
85 2
fl=./setjmp/./setjmp/sigjmp.c
fn=__sigjmp_save
28 12
29 2
30 4
34 8
fl=./signal/../string/bits/string_fortified.h
fn=__libc_sigaction
29 16
fl=./signal/../sysdeps/unix/sysv/linux/libc_sigaction.c
fn=__libc_sigaction
43 8
48 2
50 2
53 5
58 11
63 4
71 6
fl=./stdio-common/../include/../locale/localeinfo.h
fn=__printf_fp_l_buffer
331 3
fl=./stdio-common/../include/printf_buffer.h
fn=__printf_buffer
163 8
fn=__printf_buffer_to_file_init
124 4
127 2
128 2
137 4
fn=__printf_fp_buffer_1.isra.0
163 6
fl=./stdio-common/../include/rounding-mode.h
fn=__printf_fp_buffer_1.isra.0
52 2
fl=./stdio-common/../libio/libioP.h
fn=__printf_buffer_to_file_done
1025 6
1026 4
fl=./stdio-common/../string/bits/string_fortified.h
fn=__printf_buffer_write
29 24
fn=__printf_fp_buffer_1.isra.0
29 4
fl=./stdio-common/../sysdeps/generic/get-rounding-mode.h
fn=__printf_fp_buffer_1.isra.0
94 1
95 7
fl=./stdio-common/../sysdeps/pthread/allocalim.h
fn=__printf_fp_buffer_1.isra.0
27 2
29 5
fl=./stdio-common/./stdio-common/Xprintf_buffer_done.c
fn=__printf_buffer_done
25 3
26 9
31 6
33 36
40 3
fl=./stdio-common/./stdio-common/Xprintf_buffer_write.c
fn=__printf_buffer_write
27 72
28 27
31 50
33 40
36 8
37 16
40 24
41 8
44 54
fl=./stdio-common/./stdio-common/_itoa.c
fn=_itoa_word
169 2
172 8
174 4
183 172
192 4
fl=./stdio-common/./stdio-common/printf-parse.h
fn=__printf_buffer
82 27
fl=./stdio-common/./stdio-common/printf.c
fn=printf
28 36
32 12
33 14
37 10
fl=./stdio-common/./stdio-common/printf_buffer_to_file.c
fn=__printf_buffer_to_file_done
51 8
53 8
58 6
59 12
65 4
66 2
117 16
118 6
121 4
122 10
fn=__printf_buffer_to_file_init
108 2
109 4
111 2
112 2
fn=__printf_buffer_to_file_switch
29 4
30 20
40 4
41 4
44 16
45 4
fl=./stdio-common/./stdio-common/printf_fp.c
fn=__printf_fp_buffer_1.isra.0
91 18
93 18
95 12
101 12
105 42
107 24
108 6
110 12
111 30
118 6
122 18
123 12
124 15
138 18
159 8
177 1
187 1
221 2
222 1
226 3
230 17
234 1
266 5
267 1
268 2
271 17
272 16
273 16
279 1
280 2
283 1
293 1
294 7
297 3
301 4
305 4
306 1
308 6
309 9
310 2
311 7
313 2
318 13
322 77
324 4
327 3
337 1
368 2
369 4
385 9
388 4
389 4
390 5
391 4
394 13
396 26
397 2
403 2
407 12
411 4
413 2
439 2
442 8
458 4
460 3
461 6
463 6
477 2
665 3
674 6
676 2
680 2
686 2
688 2
689 4
692 3
694 9
696 2
738 4
746 3
759 17
760 2
763 3
766 16
769 6
771 1
773 6
775 3
787 1
788 5
789 9
790 16
792 6
793 6
794 18
795 12
796 6
805 5
806 4
808 7
809 1
810 6
813 2
924 3
931 2
935 3
980 7
983 2
987 5
991 3
994 4
996 8
999 4
1001 3
1003 2
1006 2
1009 3
1022 4
1024 3
1028 3
1030 11
fn=__printf_fp_l_buffer
1099 19
1102 3
1111 1
1112 2
1115 5
1116 5
1117 3
1122 7
1126 1
1147 11
fn=hack_digit
88 15
91 9
93 9
95 6
101 6
105 21
107 12
108 3
110 6
111 18
118 6
122 12
123 6
124 5
128 15
fl=./stdio-common/./stdio-common/snprintf.c
fn=snprintf
26 12
30 6
31 3
35 5
fl=./stdio-common/./stdio-common/vfprintf-internal.c
fn=__printf_buffer
263 3
264 3
266 1
600 45
627 15
631 3
634 3
638 12
642 3
653 9
654 6
655 9
659 6
663 24
683 3
684 3
685 3
686 3
687 3
690 6
691 3
692 3
693 3
694 3
695 3
698 3
699 3
705 42
744 2
784 1
883 1
891 2
973 11
976 34
996 11
997 2
1001 1
1018 3
1024 3
1028 9
1029 6
1031 6
1044 33
fn=__vfprintf_internal
1522 30
1525 14
1529 10
1540 4
1551 16
1552 36
1556 8
1559 10
1560 4
1563 24
1564 12
1566 2
1567 22
fl=./stdio-common/./stdio-common/vfprintf-process-arg.c
fn=__printf_buffer
35 1
48 2
49 1
50 2
52 2
53 8
57 2
58 2
66 1
67 2
92 1
93 1
94 1
126 2
128 2
130 2
131 8
136 6
138 4
155 30
161 18
166 12
170 4
186 10
187 18
195 10
197 6
199 8
201 14
206 4
208 8
211 4
224 4
233 4
236 4
240 10
fl=./stdlib/../stdlib/strtol.c
fn=__isoc23_strtoul
125 2
126 10
fl=./stdlib/../stdlib/strtol_l.c
fn=____strtoul_l_internal
238 26
252 2
257 2
258 2
264 4
292 2
295 8
304 12
306 4
310 2
311 4
316 4
320 4
322 2
327 4
335 2
342 4
345 8
390 6
391 6
393 2
394 2
395 2
449 8
451 26
453 18
460 4
477 6
478 2
481 12
484 16
489 8
490 12
495 4
500 6
501 2
513 4
524 10
546 18
fl=./stdlib/../sysdeps/ieee754/dbl-64/dbl2mpn.c
fn=__mpn_extract_double
33 3
35 1
37 3
38 5
47 3
56 3
103 2
107 2
fl=./stdlib/../sysdeps/x86_64/lshift.S
fn=__mpn_lshift
28 1
29 1
30 1
32 1
33 1
34 1
46 1
47 1
48 1
49 1
50 1
51 1
52 1
58 1
59 1
60 1
fl=./stdlib/../sysdeps/x86_64/mul_1.S
fn=__mpn_mul_1
31 9
32 9
35 9
36 9
37 9
38 9
39 9
41 9
42 9
44 9
45 9
46 9
47 9
48 9
50 9
51 9
52 9
53 9
122 9
124 9
127 9
fl=./stdlib/../sysdeps/x86_64/rshift.S
fn=__mpn_rshift
28 2
29 2
30 2
31 2
44 2
45 2
61 2
62 2
63 2
64 2
65 2
66 2
67 2
72 2
73 2
74 2
75 2
76 2
fl=./stdlib/./stdlib/cmp.c
fn=__mpn_cmp
31 1
35 2
37 1
38 1
39 2
47 5
fl=./stdlib/./stdlib/cxa_atexit.c
fn=__cxa_atexit
41 2
43 8
44 2
46 2
52 3
53 1
54 1
55 1
56 1
57 4
58 1
67 7
69 6
fn=__new_exitfn
80 5
81 1
86 2
91 10
93 4
101 1
122 1
123 1
134 1
136 1
137 1
141 5
fl=./stdlib/./stdlib/cxa_finalize.c
fn=__cxa_finalize
30 40
33 28
36 28
40 28
93 28
97 24
105 8
106 16
107 32
fl=./stdlib/./stdlib/cxa_thread_atexit_impl.c
fn=__call_tls_dtors
148 5
149 4
165 4
fl=./stdlib/./stdlib/divrem.c
fn=__mpn_divrem
46 126
47 9
49 18
62 9
63 9
65 18
67 1
68 2
72 62
73 15
76 18
79 9
81 9
234 81
fl=./stdlib/./stdlib/exit.c
fn=__run_exit_handlers
38 12
40 2
41 2
43 5
54 2
56 2
60 1
64 6
66 2
67 1
69 7
94 2
101 1
102 1
103 1
104 3
107 4
108 3
109 4
113 3
119 3
120 2
126 4
128 2
129 2
131 2
fn=exit
137 3
138 4
fl=./stdlib/./stdlib/getenv.c
fn=getenv
24 108
25 96
28 24
29 1812
31 888
32 90
37 108
fl=./stdlib/./stdlib/rand.c
fn=rand
26 467513856
27 155837952
28 311675904
fl=./stdlib/./stdlib/random.c
fn=random
288 1090865664
291 467513856
293 467513856
295 623351808
297 155837952
298 779189760
fn=srand
209 6
210 4
211 3
212 4
213 3
fl=./stdlib/./stdlib/random_r.c
fn=random_r
354 155837952
357 623351808
360 155837952
362 467513856
370 155837952
371 155837952
372 155837952
375 467513856
377 311675904
378 306648874
379 311675904
382 155837952
387 301621844
388 10054060
390 155837952
391 155837952
393 155837952
398 155837952
fn=srandom_r
162 2
170 2
172 1
173 2
176 1
180 4
181 2
184 3
186 1
187 63
192 240
193 60
194 90
196 90
197 60
200 6
202 1
203 622
210 2
362 930
370 310
371 310
372 310
375 620
378 310
379 620
381 20
382 310
388 600
390 310
391 310
fl=./stdlib/./stdlib/secure-getenv.c
fn=secure_getenv
28 2
29 10
fl=./string/../include/rtld-malloc.h
fn=strdup
56 10
fl=./string/../string/strcspn.c
fn=strcspn
32 6
33 3
34 2
39 6
40 4
41 4
42 4
44 1
47 9
48 6
51 4
52 4
53 4
54 4
56 3
61 12
62 24
63 24
64 24
65 12
67 72
69 1
70 4
71 3
fl=./string/../sysdeps/x86/cacheinfo.c
fn=__x86_cacheinfo
86 1
fl=./string/../sysdeps/x86/cacheinfo.h
fn=__x86_cacheinfo
59 1
62 3
64 3
65 1
71 3
73 3
74 1
78 2
80 2
81 2
82 2
84 2
86 2
fl=./string/../sysdeps/x86_64/multiarch/../multiarch/memcmp-sse2.S
fn=bcmp
59 1
71 1
72 1
94 1
95 1
140 1
141 1
143 1
144 1
146 1
147 1
149 1
150 1
197 1
198 1
199 1
200 1
201 1
202 1
fl=./string/../sysdeps/x86_64/multiarch/../multiarch/memset-vec-unaligned-erms.S
fn=memset
132 12
133 60
138 12
139 12
142 6
143 6
244 6
245 6
257 6
260 6
261 6
273 6
274 6
287 6
288 6
290 6
293 4
296 8
299 49
300 49
301 49
302 49
303 49
304 49
305 49
308 6
309 6
310 6
311 6
316 6
350 6
352 6
353 6
392 6
393 6
395 6
fl=./string/../sysdeps/x86_64/multiarch/../multiarch/strchr-sse2.S
fn=index
32 22
33 22
34 22
35 22
36 22
37 22
38 22
39 22
40 22
41 22
42 22
43 22
44 22
45 22
46 22
47 22
48 22
49 22
50 19
54 19
55 19
56 19
57 19
59 19
63 3
64 3
65 3
66 3
67 3
68 3
69 3
70 3
71 3
72 3
73 3
74 3
75 3
76 3
77 3
78 3
79 3
80 3
81 3
82 3
83 3
84 3
85 3
86 3
138 3
142 3
143 3
144 3
145 3
147 3
fl=./string/../sysdeps/x86_64/multiarch/../multiarch/strcmp-sse2.S
fn=strcmp
98 415
131 415
132 415
134 415
135 415
156 415
157 415
158 348
159 348
160 295
161 295
162 295
163 295
180 295
181 295
182 295
183 295
184 295
185 295
186 295
191 25
192 75
201 145
202 145
203 145
204 145
205 145
206 145
207 145
208 145
209 131
210 56
211 56
212 56
214 131
215 131
216 131
217 131
218 131
219 131
229 14
230 14
231 14
233 14
239 14
240 14
241 14
242 14
243 14
248 14
250 6
251 6
252 12
260 6
261 6
264 6
265 6
266 6
267 6
268 6
269 6
300 6
301 6
302 6
303 6
304 6
306 6
307 6
308 6
309 6
310 6
311 6
312 6
313 6
316 6
317 6
318 6
324 6
325 6
326 12
330 6
331 6
334 6
335 6
336 6
338 6
339 6
340 6
344 6
345 6
346 6
347 6
348 6
349 6
661 1
662 1
663 1
664 1
665 1
667 1
668 1
669 1
670 1
671 1
672 1
673 1
780 1
781 1
782 1
783 1
784 1
786 1
787 1
788 1
789 1
790 1
791 1
792 1
899 7
900 7
901 7
902 7
903 7
905 7
906 7
907 7
908 7
909 7
910 7
911 7
912 6
916 6
917 6
918 6
924 6
925 6
926 12
930 6
931 6
934 6
935 6
936 6
938 6
939 6
940 6
944 6
945 6
946 6
947 6
948 6
949 6
956 2
957 2
959 2
960 2
962 2
963 2
964 2
966 2
967 2
968 2
972 2
973 2
974 2
975 2
976 2
977 2
1018 6
1019 6
1020 6
1021 6
1022 6
1024 6
1025 6
1026 6
1027 6
1028 6
1029 6
1030 6
1031 4
1035 4
1036 4
1037 4
1043 4
1044 4
1045 8
1049 4
1050 4
1053 4
1054 4
1055 4
1057 4
1058 4
1059 4
1063 4
1064 4
1065 4
1066 4
1067 4
1068 4
1137 7
1138 7
1139 7
1140 7
1141 7
1143 7
1144 7
1145 7
1146 7
1147 7
1148 7
1149 7
1256 11
1257 11
1258 11
1259 11
1260 11
1262 11
1263 11
1264 11
1265 11
1266 11
1267 11
1268 11
1269 1
1273 1
1274 1
1275 1
1281 1
1282 1
1283 2
1287 1
1288 1
1291 1
1292 1
1293 1
1295 1
1296 1
1297 1
1301 1
1302 1
1303 1
1304 1
1305 1
1306 1
1375 7
1376 7
1377 7
1378 7
1379 7
1381 7
1382 7
1383 7
1384 7
1385 7
1386 7
1387 7
1388 3
1392 3
1393 3
1394 3
1400 3
1401 3
1402 6
1406 3
1407 3
1410 3
1411 3
1412 3
1414 3
1415 3
1416 3
1420 3
1421 3
1422 3
1423 3
1424 3
1425 3
1494 17
1495 17
1496 17
1497 17
1498 17
1500 17
1501 17
1502 17
1503 17
1504 17
1505 17
1506 17
1507 9
1511 9
1512 9
1513 9
1519 9
1520 9
1521 18
1525 9
1526 9
1529 9
1530 9
1531 9
1533 9
1534 9
1535 9
1539 9
1540 9
1541 9
1542 9
1543 9
1544 9
1613 13
1614 13
1615 13
1616 13
1617 13
1619 13
1620 13
1621 13
1622 13
1623 13
1624 13
1625 13
1626 9
1630 9
1631 9
1632 9
1638 9
1639 9
1640 18
1644 9
1645 9
1648 9
1649 9
1650 9
1652 9
1653 9
1654 9
1658 9
1659 9
1660 9
1661 9
1662 9
1663 9
1670 1
1671 1
1673 1
1674 1
1676 1
1677 1
1678 1
1680 1
1681 1
1682 1
1686 1
1687 1
1688 1
1689 1
1690 1
1691 1
1732 25
1733 25
1734 25
1735 25
1736 25
1738 25
1739 25
1740 25
1741 25
1742 25
1743 25
1744 25
1745 11
1749 11
1750 11
1751 11
1757 11
1758 11
1759 22
1763 11
1764 11
1767 11
1768 11
1769 11
1771 11
1772 11
1773 11
1777 11
1778 11
1779 11
1780 11
1781 11
1782 11
1789 1
1790 1
1792 1
1793 1
1795 1
1796 1
1797 1
1799 1
1800 1
1801 1
1805 1
1806 1
1807 1
1808 1
1809 1
1810 1
1851 16
1852 16
1853 16
1854 16
1855 16
1857 16
1858 16
1859 16
1860 16
1861 16
1862 16
1863 16
1864 6
1868 6
1869 6
1870 6
1876 6
1877 6
1878 12
1882 6
1883 6
1886 6
1887 6
1888 6
1890 6
1891 6
1892 6
1896 6
1897 6
1898 6
1899 6
1900 6
1901 6
1970 14
1971 14
1972 14
1973 14
1974 14
1976 14
1977 14
1978 14
1979 14
1980 14
1981 14
1982 14
1984 4
1988 4
1989 4
1990 4
1996 4
1997 4
1999 8
2003 4
2004 4
2007 4
2008 4
2009 4
2011 4
2012 4
2013 4
2017 4
2018 4
2019 4
2020 4
2021 4
2022 4
2093 65
2095 145
2096 145
2097 145
2098 145
2099 112
2104 415
2110 415
2111 415
2119 415
2120 415
fn=strncmp
98 1
125 1
126 1
127 1
128 1
129 1
131 1
132 1
134 1
135 1
156 1
157 1
158 1
159 1
160 1
161 1
162 1
163 1
180 1
181 1
182 1
183 1
184 1
185 1
186 1
2104 1
2107 1
2108 1
2110 1
2111 1
2119 1
2120 1
fl=./string/../sysdeps/x86_64/multiarch/../multiarch/strlen-sse2.S
fn=strlen
57 25
101 25
102 25
103 25
104 25
105 25
106 25
107 25
109 25
111 25
142 24
143 24
144 24
145 24
146 24
147 13
149 13
153 11
154 11
155 11
156 11
157 11
158 11
159 11
160 11
161 11
162 11
163 11
164 11
169 88
173 1
174 14
175 8
fl=./string/../sysdeps/x86_64/multiarch/ifunc-avx2.h
fn=memrchr
38 4
40 3
41 2
42 3
45 2
46 2
49 3
52 6
fn=rindex
38 4
40 3
41 2
42 3
45 2
46 2
49 3
52 6
fn=strchrnul
38 4
40 3
41 2
42 3
45 2
46 2
49 3
52 6
fn=strlen
38 4
40 3
41 2
42 3
45 2
46 2
49 3
52 6
fn=strnlen
38 8
40 6
41 4
42 6
45 4
46 4
49 6
52 12
fl=./string/../sysdeps/x86_64/multiarch/ifunc-evex.h
fn=memchr
37 4
38 3
39 3
42 2
43 2
45 2
51 3
54 4
fl=./string/../sysdeps/x86_64/multiarch/ifunc-memcmp.h
fn=bcmp
34 5
35 2
36 2
37 3
40 2
41 2
44 3
47 4
fl=./string/../sysdeps/x86_64/multiarch/ifunc-memmove.h
fn=memcpy@@GLIBC_2.14
56 4
57 6
60 6
61 4
74 4
77 4
85 4
93 4
96 10
fn=memmove
56 2
57 3
60 3
61 2
74 2
77 2
85 2
93 2
96 5
fn=mempcpy
56 2
57 3
60 3
61 2
74 2
77 2
85 2
93 2
96 5
fl=./string/../sysdeps/x86_64/multiarch/ifunc-memset.h
fn=memset
54 5
57 3
58 2
64 2
73 2
75 2
85 2
93 2
96 5
fl=./string/../sysdeps/x86_64/multiarch/ifunc-sse4_2.h
fn=strcspn
36 5
fn=strpbrk
36 5
fn=strspn
36 5
fl=./string/../sysdeps/x86_64/multiarch/ifunc-strcasecmp.h
fn=strcasecmp
36 4
37 2
38 3
41 2
42 2
45 3
48 5
fn=strcasecmp_l
36 4
37 2
38 3
41 2
42 2
45 3
48 5
fn=strncasecmp
36 4
37 2
38 3
41 2
42 2
45 3
48 5
fn=strncasecmp_l
36 4
37 2
38 3
41 2
42 2
45 3
48 5
fl=./string/../sysdeps/x86_64/multiarch/ifunc-strcpy.h
fn=stpcpy
38 4
39 3
42 2
43 2
46 3
49 3
fn=strcat
38 4
39 3
42 2
43 2
46 3
49 3
fn=strcpy
38 4
39 3
42 2
43 2
46 3
49 3
fl=./string/../sysdeps/x86_64/multiarch/ifunc-strncpy.h
fn=stpncpy
35 5
36 3
39 2
40 2
43 3
46 4
fn=strncpy
35 5
36 3
39 2
40 2
43 3
46 4
fl=./string/../sysdeps/x86_64/multiarch/memchr-avx2.S
fn=__memchr_avx2
61 1
68 1
70 1
73 1
74 1
76 1
77 1
78 1
79 1
82 1
83 1
86 1
87 1
101 1
106 1
113 1
114 1
115 1
116 1
fl=./string/../sysdeps/x86_64/multiarch/memchr.c
fn=memchr
29 2
fl=./string/../sysdeps/x86_64/multiarch/memcmp.c
fn=bcmp
29 4
fl=./string/../sysdeps/x86_64/multiarch/memcmpeq.c
fn=memcpy@@GLIBC_2.14
29 2
fl=./string/../sysdeps/x86_64/multiarch/memmove-vec-unaligned-erms.S
fn=__memcpy_avx_unaligned_erms
255 2890
256 2890
262 2892
263 2892
265 2881
266 2881
267 2881
270 1
271 1
272 1
275 2
305 11
306 11
308 5
309 5
311 3
315 3
316 1
317 1
318 1
319 1
323 1
325 1
331 2
332 2
333 2
334 2
335 2
342 6
343 6
344 6
345 6
347 6
364 2
365 2
366 2
367 2
368 2
386 2880
387 2880
392 2880
393 2880
395 2880
396 2880
397 2880
399 2880
400 2880
401 2880
402 2880
403 2880
404 2880
405 2880
406 2880
407 2880
408 2880
409 2880
410 2880
411 2880
412 2880
413 5760
fn=__mempcpy_avx_unaligned_erms
242 2
243 2
244 2
245 2
fn=memcpy
210 26
211 26
217 50
218 50
220 26
221 26
222 26
224 16
225 16
226 16
228 16
308 24
309 24
311 6
315 6
316 6
317 6
318 1
319 1
323 1
325 6
364 18
365 18
366 18
367 18
368 18
375 10
376 10
377 10
378 10
379 10
380 10
381 10
392 10
393 10
395 10
396 10
397 10
fn=mempcpy
197 24
198 24
199 24
200 24
fl=./string/../sysdeps/x86_64/multiarch/memmove.c
fn=memmove
29 1
fl=./string/../sysdeps/x86_64/multiarch/mempcpy.c
fn=mempcpy
33 1
fl=./string/../sysdeps/x86_64/multiarch/memrchr.c
fn=memrchr
29 3
fl=./string/../sysdeps/x86_64/multiarch/memset-vec-unaligned-erms.S
fn=__memset_avx2_unaligned_erms
158 3
159 6
164 3
165 3
166 2
167 2
168 2
181 1
182 1
184 2
237 2
238 2
244 2
245 2
257 2
260 2
261 2
273 1
274 1
287 1
288 1
290 1
293 1
296 1
299 1
300 1
301 1
302 1
303 1
304 1
305 2
308 1
309 1
310 1
311 1
314 2
337 1
346 1
347 1
352 1
353 1
354 1
355 1
356 1
357 1
358 1
361 1
fl=./string/../sysdeps/x86_64/multiarch/memset.c
fn=memset
29 1
fl=./string/../sysdeps/x86_64/multiarch/stpcpy.c
fn=stpcpy
33 3
fl=./string/../sysdeps/x86_64/multiarch/stpncpy.c
fn=stpncpy
31 3
fl=./string/../sysdeps/x86_64/multiarch/strcasecmp.c
fn=strcasecmp
31 3
fl=./string/../sysdeps/x86_64/multiarch/strcasecmp_l.c
fn=strcasecmp_l
31 3
fl=./string/../sysdeps/x86_64/multiarch/strcat.c
fn=strcat
29 3
fl=./string/../sysdeps/x86_64/multiarch/strchr-avx2.S
fn=__strchrnul_avx2
53 6
55 6
56 6
57 6
58 6
59 6
62 6
63 6
67 6
68 6
69 6
70 6
71 6
72 6
73 6
74 6
87 6
89 12
fl=./string/../sysdeps/x86_64/multiarch/strchr.c
fn=index
42 4
43 2
44 3
47 2
48 2
51 3
54 3
65 3
fl=./string/../sysdeps/x86_64/multiarch/strchrnul.c
fn=strchrnul
31 3
fl=./string/../sysdeps/x86_64/multiarch/strcmp-avx2.S
fn=__strncmp_avx2
206 52
230 52
235 52
249 52
274 52
275 52
276 52
278 52
279 52
283 45
287 45
289 45
291 45
294 45
296 45
297 45
308 45
318 45
319 45
322 45
326 90
331 45
332 45
333 45
957 31
958 31
959 31
960 31
962 31
965 31
966 31
970 15
971 15
980 2
984 2
985 2
993 7
994 7
995 7
996 7
997 7
998 7
1000 7
1047 7
1048 7
1051 7
1052 7
1053 7
1056 14
1063 7
1064 7
1065 7
1066 7
1076 16
1077 16
1080 5
1081 5
1082 5
1083 5
1089 5
1091 5
1094 5
1095 5
fl=./string/../sysdeps/x86_64/multiarch/strcmp.c
fn=strcmp
47 4
48 2
49 3
52 2
53 2
56 3
59 3
79 3
fl=./string/../sysdeps/x86_64/multiarch/strcpy.c
fn=strcpy
29 3
fl=./string/../sysdeps/x86_64/multiarch/strcspn.c
fn=strcspn
29 2
fl=./string/../sysdeps/x86_64/multiarch/strlen-avx2.S
fn=__strlen_avx2
52 14
65 14
66 14
67 14
70 14
72 14
73 14
76 14
77 14
85 14
86 14
87 13
92 26
118 1
131 1
132 1
133 1
139 2
221 1
236 1
242 1
243 1
244 1
fl=./string/../sysdeps/x86_64/multiarch/strlen.c
fn=strlen
29 3
fl=./string/../sysdeps/x86_64/multiarch/strncase.c
fn=strncasecmp
31 3
fl=./string/../sysdeps/x86_64/multiarch/strncase_l.c
fn=strncasecmp_l
31 3
fl=./string/../sysdeps/x86_64/multiarch/strncmp.c
fn=strncmp
43 8
44 4
45 6
48 4
49 4
52 6
55 10
67 6
fl=./string/../sysdeps/x86_64/multiarch/strncpy.c
fn=strncpy
29 3
fl=./string/../sysdeps/x86_64/multiarch/strnlen.c
fn=strnlen
31 6
fl=./string/../sysdeps/x86_64/multiarch/strpbrk.c
fn=strpbrk
29 2
fl=./string/../sysdeps/x86_64/multiarch/strrchr-avx2.S
fn=__strrchr_avx2
53 1
54 1
55 1
57 1
58 1
62 1
63 1
64 1
67 1
69 1
70 1
71 1
72 1
75 1
76 1
78 1
79 1
80 1
81 1
82 1
91 2
fl=./string/../sysdeps/x86_64/multiarch/strrchr.c
fn=rindex
28 3
fl=./string/../sysdeps/x86_64/multiarch/strspn.c
fn=strspn
29 2
fl=./string/./string/strdup.c
fn=strdup
40 30
41 10
44 10
47 20
48 15
fl=./time/../sysdeps/unix/sysv/linux/clock.c
fn=clock
25 14
31 10
34 2
35 14
36 10
fl=./time/../sysdeps/unix/sysv/linux/clock_gettime.c
fn=clock_gettime@@GLIBC_2.17
30 2
38 4
40 4
44 4
68 4
69 4
fl=./wcsmbs/../sysdeps/x86_64/multiarch/ifunc-avx2.h
fn=wcschr
38 8
40 6
41 4
42 6
45 4
46 4
49 6
52 12
fn=wcscmp
38 4
40 3
41 2
42 3
45 2
46 2
49 3
52 6
fl=./wcsmbs/../sysdeps/x86_64/multiarch/ifunc-evex.h
fn=wmemchr
37 8
38 6
39 6
42 4
43 4
45 4
51 6
54 8
fl=./wcsmbs/../sysdeps/x86_64/multiarch/ifunc-memcmp.h
fn=wmemcmp
34 5
35 2
36 2
37 3
40 2
41 2
44 3
47 4
fl=./wcsmbs/../sysdeps/x86_64/multiarch/ifunc-wcs.h
fn=wcpncpy
39 4
40 3
41 3
44 2
45 3
48 4
fn=wcscat
39 4
40 3
41 3
44 2
45 3
48 4
fn=wcsncpy
39 4
40 3
41 3
44 2
45 3
48 4
fl=./wcsmbs/../sysdeps/x86_64/multiarch/ifunc-wcslen.h
fn=wcslen
40 4
41 2
42 3
45 2
46 2
49 3
52 3
fn=wcsnlen
40 4
41 2
42 3
45 2
46 2
49 3
52 3
fl=./wcsmbs/../sysdeps/x86_64/multiarch/ifunc-wmemset.h
fn=wmemset
36 10
37 6
fl=./wcsmbs/../sysdeps/x86_64/multiarch/wcpcpy.c
fn=wcpncpy
31 1
fl=./wcsmbs/../sysdeps/x86_64/multiarch/wcpncpy.c
fn=wcpncpy
31 1
fl=./wcsmbs/../sysdeps/x86_64/multiarch/wcscat.c
fn=wcscat
31 2
fn=wcschr
31 2
fl=./wcsmbs/../sysdeps/x86_64/multiarch/wcschr.c
fn=wcschr
31 4
fl=./wcsmbs/../sysdeps/x86_64/multiarch/wcscmp.c
fn=wcscmp
30 3
fl=./wcsmbs/../sysdeps/x86_64/multiarch/wcscpy.c
fn=wcscpy
42 4
43 2
44 3
46 2
47 3
50 3
60 2
fl=./wcsmbs/../sysdeps/x86_64/multiarch/wcslen.c
fn=wcslen
29 3
fl=./wcsmbs/../sysdeps/x86_64/multiarch/wcsncpy.c
fn=wcsncpy
31 2
fl=./wcsmbs/../sysdeps/x86_64/multiarch/wcsnlen.c
fn=wcsnlen
30 3
fl=./wcsmbs/../sysdeps/x86_64/multiarch/wmemchr.c
fn=wmemchr
31 4
fl=./wcsmbs/../sysdeps/x86_64/multiarch/wmemcmp.c
fn=wmemcmp
29 4
fl=./wcsmbs/../sysdeps/x86_64/multiarch/wmemset.c
fn=wmemset
31 4
fl=/home/ru34/A5/gpt2_optimized.c
fn=block
201 96
203 72
204 72
205 72
206 72
207 72
210 84
213 72
214 72
215 72
216 300
217 1080
218 1080
219 1080
224 36
225 36
226 36
227 480
228 1584
229 1584
230 1584
231 3600
232 9360
233 9360
234 9360
236 18720
237 18720
238 18720
243 36
244 480
245 4032
249 72
250 300
251 660
252 2400
253 18720
258 84
261 84
264 72
265 300
266 840
267 360
268 840
269 180
270 180
274 84
277 300
278 480
279 480
280 480
281 480
282 480
283 480
284 480
286 36
287 36
288 36
289 36
290 36
291 36
292 36
295 480
296 3600
297 9360
298 9360
299 9360
300 9360
302 1152
303 1152
304 1152
305 1152
307 36
308 36
309 36
310 36
312 12
313 36
fn=free_linear_layer
415 305
416 620291
417 1115865
419 244
420 244
421 183
fn=free_weights
424 5
426 150775
427 452313
429 4
432 3076
433 9216
435 4
438 40
440 132
441 144
442 144
445 144
446 144
448 4
451 4
452 3
fn=gelu
183 360
184 360
185 737580
186 10690560
188 60
189 120
fn=initialize_linear_layer
358 488
359 183
360 183
361 488
362 488
363 496245
364 1487820
365 991880
366 466436501
367 2329082880
370 305
fn=initialize_weights
372 9
377 3
378 150775
379 402056
380 115993156
381 733350144
386 3
387 3076
388 8192
389 2363392
390 14942208
394 3
395 40
397 144
398 156
399 156
402 12
403 168
404 168
408 6
410 3
411 13
412 7
fn=linear
67 3612
68 1806
70 5719
90 301
91 1505
fn=linear._omp_fn.0
70 36120
72 5026764
73 418897
75 325099885
76 374396064
77 962732736
78 53485152
83 8796837
84 2932279
86 7121249
fn=main
455 8
457 2
460 2
463 1
464 5
466 4
469 20
472 1
473 3
474 150772
475 402048
476 77
477 22
482 6
484 3
485 3
487 2
488 6
489 6
491 1
492 6
fn=matrix_add
147 216
148 144
149 600
150 1320
151 369240
152 3133440
155 24
156 72
fn=model
316 7
318 1
319 7
322 6
323 25
324 40
326 11540
327 168960
332 3
335 40
336 564
338 300
339 480
341 36
342 24
346 6
347 15
350 25
351 40
353 3
355 1
356 3
fn=norm
159 192
160 144
161 600
162 1320
164 240
165 369240
166 1290240
168 480
169 240
170 369240
171 2580480
173 480
175 369240
176 3133440
179 24
180 72
fn=positions_for
192 7
193 6
194 25
195 45
197 1
198 2
fn=scaled_dot_product_attention
94 1440
96 864
97 3600
98 7920
99 18000
100 7200
101 939600
102 5990400
104 72000
109 864
110 3600
111 7920
112 1440
113 18000
114 97200
115 50400
118 18000
119 82800
124 864
125 3600
126 7920
127 187920
128 552960
129 1152000
130 10598400
136 3600
137 5760
138 5760
140 432
141 432
143 144
144 432
fl=/usr/lib/gcc/x86_64-linux-gnu/13/include/avxintrin.h
fn=linear._omp_fn.0
905 213940608
911 1256691
912 418897
1246 418897
fl=/usr/lib/gcc/x86_64-linux-gnu/13/include/fmaintrin.h
fn=linear._omp_fn.0
65 213940608
fl=???
fn=(below main)
0 12
fn=???
0 769762677
fn=GOMP_parallel
0 11739
fn=omp_get_num_threads
0 4816
fn=omp_get_thread_num
0 2408
summary: 15618803762
